0.025836329468037635
0.2651854164027039
0.031274961620202914
0.02738358368686119
0.1297119831104339
0.033682026949882655
0.15059261819493053
0.06986398300283869
0.11317562752728914
0.03533614448913626
0.34160351595121136
0.024687193287895554
0.037302125615486806
0.05340975978693537
0.24166702274009913
0.03121984240667503
0.3822314285201437
0.7665871934478049
0.032528833314264205
0.051176818238618
0.04053814338523285
0.03556820619759362
0.3489932223215357
0.040936499204872696
0.10616278838414224
0.02995380466284356
0.07335288155331605
0.5134335025810663
0.6472632575782175
0.49512146634540843
0.40864057026650297
0.5208049036198696
0.6473615431758942
0.023519409397256344
0.45194493821714304
0.3909684676966674
0.7134361249673895
0.41148347844520455
0.4451243274756072
0.5364581094672801
0.47288491333670163
0.3680940626282085
0.4325545871567447
0.3632566091865095
0.07673474377959506
0.3350581886389644
0.45015837056661984
0.3930368694563957
0.3223133635300111
0.3381258640504467
0.42467001900171875
0.0636159047200484
0.05995690049257612
0.08001250768533003
0.029478697007360135
0.034281563845726684
0.03604995128048429
0.029075336649314505
0.12035016040050006
0.026769372184318525
0.027251620004930623
0.0402364881820419
0.02985643616487698
0.02897414406312442
0.031967921544462305
0.02985601014452682
0.4040791639812464
0.03602727644638286
0.026239325052559964
0.1597741539583858
0.024228096038878464
0.025659182298258785
0.3203541889642063
0.03350656536443722
0.025498810271460174
0.5431738796118293
0.45439124487925764
0.04179630675906846
0.04267148991268538
0.037399031734042375
0.31534839977198054
0.18742275351107188
0.06652610375735439
0.047681546079259736
0.0611160867225628
0.03499014291777276
0.04957516567976713
0.023329442740024853
0.039251958301952744
0.045835923476752666
0.020019637109649033
0.026648345605955324
0.028025586985545945
0.0863174440972323
0.04669330259449581
0.032711611736800275
0.024807034447030116
0.029268960345504236
0.02040974002231771
0.022344043308718496
0.025492800601112267
0.024500571863574436
0.07089848171232928
0.019421338552441183
0.03588180109451567
0.031796096518912804
0.05415944687907231
0.02447684757522811
0.021343377609945553
0.020952784567550408
0.022085189935919326
0.02440222355838803
0.03189754473928072
0.0627104428223722
0.05292962320850431
0.024952756754809007
0.03942229844636284
0.027172684094577737
0.024973347731551774
0.027183474160988954
0.04028869193910903
0.027275787090143087
0.029426573360266405
0.3818454119947591
0.02709066531942288
0.0297961947136155
0.027723369540527315
0.029139210800829936
0.02474329392926331
0.027748389602823786
0.05372663378832774
0.023543687631091312
0.5015563229087167
0.04976176085705991
0.04648162024374608
0.02605649845339612
0.02328414574812002
0.5421521790926789
0.4173375689610211
0.024260747418696334
0.03007129720851377
0.029680619336764722
0.024549898322174128
0.028386418380328942
0.027192959371576546
0.02616902991387124
0.02476211749318809
0.03550539586396296
0.027693918665985078
0.023262821059976888
0.04186677720314619
0.02976035576831771
0.028992228789009936
0.028271342491617207
0.027809034371422455
0.02850036083937771
0.022145290301520747
0.027531799775805468
0.023673558844282853
0.041491679159059144
0.026022594104188126
0.031265598425359545
0.026366072245823692
0.025984697554408086
0.02491557830211953
0.02091546445623934
0.0492757383989106
0.02640278418687599
0.05455435879928534
0.023590896413397792
0.023762881102592143
0.028635662424610367
0.028755737385732765
0.02470987621875264
0.02893727026156445
0.02354032667557482
0.028176698795929142
0.03070111809136701
0.03258374029170505
0.26750143608903654
0.03560288407428336
0.038678230526025
0.035900862024377984
0.03096618001169209
0.019783959910402504
0.411465998758116
0.039510560754117886
0.27346447612244074
0.02505544745904534
0.035466863773269096
0.033700559258650814
0.0280881265733913
0.10780145315044638
0.03693355287651758
0.0631751325711592
0.03110912621743819
0.029292463005326713
0.05498755321582941
0.036532708350938844
0.08306858310672365
0.15523525237914743
0.028869112093049133
0.031651026645252975
0.02853962150286333
0.026022570731632253
0.05484067767482637
0.0293309968235699
0.025525882069018842
0.031731475843878844
0.020016393384176812
0.03601718050744078
0.04273678620384284
0.038446199812149036
0.03386471131098996
0.4913516993813391
0.03409281051267194
0.029831995557424693
0.5978227571463179
0.026555555816690984
0.027430331932223464
0.024985239855636308
0.16105343377050776
0.027806846773714967
0.04461816568126404
0.043272079613611035
0.03595220278764751
0.08237990829327559
0.027992192898529694
0.02923144133356956
0.028472444172991215
0.02884905720767296
0.03484605119952641
0.23896335684596448
0.2803276391342805
0.02735930047229273
0.024900101162692364
0.025362049913982807
0.07769077982363
0.025343876390045338
0.021786897615710628
0.022416617262547414
0.028178466150985456
0.09246447632341967
0.030546886441951773
0.03249507351074659
0.027138330018309342
0.028236894641665514
0.02652949210461433
0.09555362930460455
0.03521318133946119
0.060995026619444725
0.026292951194506444
0.028230209018751676
0.02486061375513957
0.09381473371826238
0.028434187752508278
0.02889154439948185
0.03792318611420962
0.02972609693872072
0.5210288101190048
0.1857259152595528
0.043345649949295566
0.030049017511847895
0.28824296673311334
0.03213810395868207
0.25544616917187124
0.026952335063458184
0.10939204321390779
0.02837308124646181
0.023893888824258313
0.034668485377073455
0.03378579573845959
0.02804104709044223
0.04264712504000801
0.028891518526574636
0.03207340554966506
0.02040974002231771
0.033135219964163215
0.1190694583611946
0.027441226089856795
0.027001913226097664
0.024620197379944326
0.030548334892853135
0.13564441516273282
0.029867784651979274
0.03240199791057015
0.023910278465056153
0.2505332918296499
0.28228866609731657
0.027644460873301073
0.06812799577364599
0.0340404579688568
0.028163764118044325
0.4176857578319098
0.22888282598909046
0.3296845316466304
0.027532641438483954
0.03131851826364839
0.021656763502477142
0.03898140461159303
0.34453077524512316
0.3588829081591895
0.023360281918218415
0.022713592670788107
0.050233321392580056
0.26733321084981754
0.0339686652888409
0.04067624427288488
0.025429651541717273
0.028624129064371697
0.02776502016895547
0.3343705458545037
0.02859788762020096
0.03116271874789917
0.03536973742821155
0.0341643101044149
0.12606646679957906
0.21050656351394548
0.02634016582551306
0.029204816212838325
0.027350590473222223
0.05934414515180546
0.029853719882278924
0.02874205693210574
0.049147939900161024
0.024576509020923256
0.05528219493331866
0.030911587631908686
0.0869734774336819
0.029981231513242387
0.02391023650383254
0.1034896846820066
0.028365908107829456
0.07279489815031173
0.025403068464010338
0.26179810698247374
0.0301592360021937
0.02580561349540526
0.02695961906351379
0.029810286555434915
0.021534356547112825
0.02561638624493618
0.032212066372017935
0.34997114259004536
0.031996219218778654
0.03592283524192398
0.04132694093568984
0.24822952723579544
0.1246115532319769
0.025271972145640614
0.04710783766256513
0.5014527922302966
0.0644586241785251
0.2505936316500107
0.03432305660943085
0.23295739182195024
0.03149374889603698
0.03845898337047928
0.03499368243304597
0.4598477293552105
0.16350013513396838
0.03120357802040482
0.02792252751851343
0.03719229327245803
0.02056520757740132
0.04001211324274766
0.024761362590864085
0.34226281256839103
0.027903165833850087
0.020669463739717713
0.02957386946221887
0.20356107662009945
0.025949694462285927
0.025455181655821748
0.02670246650848306
0.03205374269529111
0.039271422798335516
0.03269220539848761
0.02431518227842519
0.03383442836565404
0.025749567828289327
0.03812757766924311
0.034410142226416154
0.028199444880935527
0.031980449801901095
0.034004508912857216
0.025999484351098074
0.42637830525099296
0.026394106464675604
0.033956350872449366
0.023129584731970493
0.07760220269285467
0.023271183685102403
0.026521490236096467
0.026450616929202916
0.27369079534334684
0.0501506243200507
0.027887501841255942
0.03042322805850164
0.09373673254881262
0.19727590953097135
0.04102674246529348
0.04040359408729119
0.023578529858832832
0.019233110103439796
0.029361092444109525
0.050700582617897706
0.03611449683139229
0.12172900175663719
0.030755866263344724
0.027853146052913804
0.030541500073004556
0.04685504371448514
0.031609623456306864
0.2977220238256756
0.026055149129145225
0.4298940201892481
0.03305025145084762
0.02688717419641096
0.2988976343452597
0.022517087481764276
0.024658224965951638
0.022493803957728598
0.0220569714908597
0.023505940642205323
0.032235065025046264
0.03478857480114545
0.031654352386913255
0.023193309240798068
0.035492928193455855
0.026842873236683062
0.02900820491366961
0.033628526790393846
0.04803166231321123
0.02195430212796793
0.02709105298249829
0.02704548186229059
0.026881159926044555
0.03776969462183546
0.04497571358851499
0.023185560781177478
0.028611378316417226
0.037101552119200285
0.030523726380093038
0.025512569186739775
0.023483493572050516
0.03780259885392101
0.024228052437106778
0.02826817365266097
0.023663359203582878
0.022422683496108386
0.02915396435518783
0.03304671997694006
0.029813557799070405
0.026102836632350825
0.025885463982247687
0.02711428132891647
0.033466045169261834
0.2697548701266221
0.02542326530823283
0.030281417838768646
0.025404316404350178
0.4271265359767436
0.03248201407459633
0.02444255787936272
0.0257876302591818
0.025229151348308176
0.026091318844576234
0.02831612472091716
0.033792375201153906
0.2811684091889441
0.03278346198461546
0.025417164244090466
0.03672288056908703
0.025177616157660176
0.026902913260231757
0.03166788467373801
0.027695300779810344
0.0321716091926589
0.02464993714670064
0.02587284913688951
0.022359600626157546
0.4593081223551618
0.03303681908307681
0.02898806120950014
0.022339689377664854
0.03666973351304388
0.02871167467912769
0.027961060597927894
0.029816159459803673
0.027396567962204816
0.03377652184160769
0.025991703685468975
0.03297134595274267
0.03321455822289774
0.027347317305541154
0.04358451478211093
0.02679187211187981
0.025571365965735306
0.02429972007789284
0.02864497410602605
0.025075495029555025
0.029727003631733393
0.03390147055629544
0.028239644984887444
0.03086125083098012
0.022271507790974435
0.02741830982300094
0.37755490979053474
0.018336343685254254
0.027787890597099348
0.030092197101351355
0.024302794257632262
0.025436984524197397
0.02844320725682179
0.025460341577530615
0.027590656993768982
0.026104052142894345
0.03511595385550831
0.0238071205666789
0.02830896556220763
0.02404702124959695
0.02376364909214543
0.022988744452127997
0.02671941573650467
0.039549913657379386
0.042256329974904853
0.036317433507350325
0.03222235407260782
0.03684061863502376
0.03556835979619756
0.026785519194989716
0.21405305590973017
0.026867116046134728
0.12870354051405308
0.025567677180843972
0.03292265293709145
0.022392710525534223
0.030579694909741384
0.026453510305208684
0.025649710522133058
0.04242208935896571
0.02915578621921227
0.028317035597732056
0.033435957524141455
0.025492349070661644
0.02445424758311
0.04271110716101827
0.024127020214675405
0.02292447715490844
0.024477115981788786
0.023873394613972605
0.031227687695938762
0.032519597633229626
0.025430124015189178
0.02765758900599986
0.027823158684920427
0.03482465672228296
0.02427969253472677
0.0252672159594179
0.027586606633157134
0.023970744593007545
0.06951133312309254
0.023432390974057322
0.026351440791972075
0.03552180525696388
0.02734237242451415
0.02931984626093568
0.028653551333532243
0.02816957865373938
0.029179111776283462
0.03223144516369408
0.02625587482330378
0.033530827438172414
0.03563867329737425
0.033913669855230456
0.028564387031906214
0.027259474581019606
0.04545618067444581
0.030311080071550464
0.026434259564185998
0.04152917310101518
0.027973709396135298
0.30686080630678136
0.060201733800419405
0.027616474431207287
0.32622858666717736
0.18160018105378067
0.027971959268615978
0.5385011540394641
0.3893750651227945
0.02809036083652217
0.028333156982279114
0.10506971595987992
0.08961358439132419
0.10334077811488815
0.068813863875015
0.030104115715219818
0.025989212872579263
0.1583289567175292
0.023902254392765138
0.025247944137203198
0.02697930982839267
0.026956237694881834
0.03874622423269204
0.03531668595238292
0.022477351823909683
0.030928202173997856
0.26286805805296637
0.02793545475440996
0.2176016481523
0.0257962253483513
0.03108809140681299
0.023470802580167267
0.1830337660939585
0.037688369965092214
0.0260700407456475
0.14979781029545053
0.03205825062716393
0.029954131284100537
0.04335510729796099
0.2252043817731426
0.026205236277073204
0.02634048942302892
0.12758708999686982
0.0754657035042707
0.09605646362867934
0.04463321894185371
0.02555590433921206
0.4542833888390282
0.025251163907754816
0.027909647145057098
0.034754842796833336
0.031208943275611373
0.2629184426497517
0.024073385083077874
0.0359403486491671
0.02889376795260302
0.13143051120932805
0.11482227882314557
0.5274581726222154
0.033848258583465136
0.024461202406208388
0.02895694021942049
0.02973551370250834
0.08344400060263993
0.15531871831448948
0.4738704631909054
0.06598874255482846
0.028674826827320535
0.3396037528953304
0.024306850307189022
0.025227523118982107
0.026822530942378575
0.028285704094305097
0.024885481465874337
0.026331394398444147
0.4300056222731127
0.027336748350855568
0.253889287566792
0.02410055571553418
0.03186739696243513
0.02533383873029696
0.057192488596387536
0.028861843122590748
0.027259372626521457
0.046512894353277226
0.02695621350696943
0.027488649774914505
0.03633848666428109
0.02563059727895071
0.03891318665126997
0.028797576684698567
0.04000593243891694
0.023040786008790493
0.28273858340186897
0.02452386170003778
0.0269980964691354
0.03481875419644836
0.038950516638702505
0.12143730662054558
0.029834896497369697
0.029084060115730347
0.03099450282039835
0.3720575411135889
0.14838579529566356
0.3588915592473604
0.02321031478534481
0.42292750927825284
0.02953185893906673
0.050234036489004215
0.029186624302425662
0.02970965778649788
0.028050321467997085
0.02360740208417676
0.38128471800887664
0.11182805134939992
0.030409755225787
0.23540068190714247
0.031072702108931326
0.02960190866097076
0.054835949137192294
0.03143624590164788
0.025690045745918478
0.037484412826377114
0.026842460370198853
0.02432910427217849
0.029685307093865767
0.06616584918911213
0.04263218475632653
0.10536371703627632
0.3020016003102813
0.028054387911720408
0.38136194782347504
0.1502329829373467
0.024216489966573197
0.027283156053683682
0.03717720920064099
0.4141898017084835
0.026133457782335404
0.027501636569523213
0.4229615802412991
0.050900744529327274
0.055619271148374415
0.029732175996480963
0.027573141716894758
0.15651214861675544
0.02724811453846762
0.025016661140962296
0.058901277659746405
0.10570495836151264
0.025622901080164368
0.032300125366621885
0.030262914677654955
0.0428057570286433
0.03818307163424921
0.02397991013002998
0.03300452563401339
0.17198674312956816
0.03473183591392186
0.027199040225351207
0.02772954076094779
0.02531658732916011
0.03639491619430365
0.02311234544474054
0.030095524019978167
0.03136183293641748
0.04915224812728125
0.20216431988894673
0.04417200117028041
0.037460287387977104
0.025986725544279502
0.048771036600681356
0.02960946298892383
0.03366290904601666
0.029095464794102206
0.05246379677488448
0.035127986353547865
0.053833424888552285
0.029838595057890844
0.026301940304346755
0.0427064815379679
0.02712032074823855
0.023205953253218396
0.024573713624543664
0.03761530170173439
0.023702564875226824
0.02407306010830322
0.029467122646194995
0.04744040253694823
0.0654746326240423
0.03650588411188742
0.03926596990948587
0.034826299167508686
0.024667270676429882
0.02594067678227133
0.027168405155751935
0.044081249563689105
0.03888210827482817
0.028960171176543193
0.028324701782195105
0.32384104578495027
0.041711649873632475
0.5979604274345611
0.03957202824902135
0.025177913545311747
0.05235197196163944
0.027586804160687706
0.03237551414706101
0.029930809708268714
0.02511587772347529
0.030414603764117865
0.056206961312767596
0.025041658420986074
0.4849372282744416
0.0557397350547152
0.0381334623076428
0.028120506627634934
0.05255859275795628
0.03033644193087281
0.16490379782857043
0.025716159067580843
0.1806283224357383
0.023480204328798777
0.02420838636894644
0.032059791562614966
0.218460098666581
0.034639717730546075
0.031220015603048597
0.02598423648713864
0.040295671837463756
0.04118901760952851
0.07793940979629686
0.026319749658737197
0.01976471025548813
0.7376338016916716
0.07247353754085428
0.0627284404583369
0.07885546306801955
0.02764932954792192
0.10175465389023697
0.0464555436579062
0.31349381790633873
0.043591997255492614
0.031943150695309584
0.024723663820997548
0.02727881249872904
0.025468140606230493
0.027571933537230277
0.05612113236418119
0.04722963008937496
0.43137144805736344
0.024424716027035928
0.524247040561262
0.024827086281177413
0.042132171541040486
0.045870594789132114
0.03865803479326316
0.02769260639998614
0.05901592425252729
0.03404941430831497
0.03686480369997703
0.029626717064644845
0.02802814776623995
0.023516031713649896
0.04838806375816942
0.3885581698874033
0.38099025674499193
0.04586624831225832
0.018935658588915664
0.049666186706713925
0.030324844733208414
0.040191963559179034
0.0434356126489502
0.053265179406141255
0.23201530797917275
0.04906092068209829
0.050718111850145485
0.04423871895144318
0.032520036875286776
0.030748575614410276
0.026671153559287453
0.025326982553322868
0.0431759064914832
0.028166930866910828
0.04665644509470568
0.022298114473928987
0.35143570621477355
0.027028496332365638
0.027149917375966868
0.037138690910583576
0.042542045197450314
0.6018867849441513
0.22345048338984486
0.02391858612639106
0.38103193400714436
0.03822774185577627
0.3080830280455957
0.02359820507299518
0.03619165483409329
0.0559636102294185
0.029685227675139914
0.028508483835176377
0.033079027913549976
0.14786620457269942
0.023237223091288593
0.030945707489616444
0.022276854763724
0.029557986724321094
0.029538368959379415
0.030741834800671965
0.0559609470715026
0.2706365346780235
0.02610936351917428
0.02457333897009267
0.03338912424764553
0.3727196817229627
0.03547662017046559
0.27949147167924204
0.032682557691252896
0.02991516801635388
0.11598808580742953
0.07995524598425477
0.3880552351336177
0.04196482688189962
0.0301334798903299
0.031337148718607835
0.045493964012427404
0.04424074061798039
0.029051360365655136
0.03203349246001433
0.021020535967478
0.07872806931781295
0.041168468301092116
0.028185593264512
0.024610063901986175
0.43618869613175276
0.07825515919930646
0.026363947738778818
0.02885317955697583
0.05810218338355313
0.0335756741720227
0.031099449846328554
0.03753426353371075
0.04507571265329437
0.1801870742430391
0.03809462604771128
0.056192047281420125
0.02401646060446742
0.02470721714687696
0.030623585616522373
0.051989022276723015
0.1696396860997184
0.04914701119174715
0.03342113692307414
0.035193122520862936
0.3942832360047123
0.02991973162206561
0.028565790317245137
0.04716305558282705
0.02910104672236089
0.02581800173050846
0.02551533971210095
0.036676582684507755
0.029505705742444918
0.02700022220852874
0.06435561484323322
0.028203905501088162
0.7290052154891488
0.028842694591041565
0.4576422188960405
0.2946974562374422
0.15418030124903093
0.08947379536212201
0.0523722767072047
0.03563361705405472
0.028204767114498215
0.8186973657992094
0.024720914594072354
0.02237419850404186
0.03467073213356368
0.04368382335687137
0.04528555195600625
0.03206230271017541
0.12268270917781289
0.1948417468403305
0.03229854444263202
0.0305801309309691
0.03743619835851522
0.02512128082529142
0.027178026674134492
0.34084675961304933
0.025758958197438234
0.025568478996273583
0.02251461752618256
0.027946693311058
0.030061701700674816
0.032748811229968984
0.056274121122013146
0.4273059553061996
0.02820032684140244
0.3666029485955709
0.028080596805471494
0.05350943002460944
0.02554010871001441
0.03707064555642708
0.03442405178873582
0.01947815836803119
0.047579719198582386
0.04018763630224398
0.04362869357198488
0.14846528251958152
0.03369307939553537
0.029804994624376045
0.05437539688394044
0.031395483022638164
0.030624022381502743
0.026384211648220548
0.0303622626435313
0.03032018955921474
0.09564650334150844
0.05702217051395615
0.07193662462709537
0.12354533263746856
0.026243506371961024
0.19679563540969527
0.030157859369892875
0.03351114096055443
0.0701612561980422
0.37764141726232064
0.027473118113631574
0.031096822464119673
0.02761464697056993
0.027580218626589364
0.03103813534012534
0.02435767063316806
0.031511597381590234
0.026842868668488007
0.37755097001617266
0.17155156734797028
0.020310699468059436
0.02508250947035774
0.03376356508828146
0.03568566583742327
0.027548747645691922
0.028146327502571015
0.2814086262092882
0.0377986188268828
0.03346373029786111
0.03659062300339239
0.03290275532026524
0.034786969348446
0.18907152365018065
0.030205424127259763
0.29779917001424616
0.03425633612012914
0.03863091046916825
0.03028187681900805
0.44917657103795244
0.05555055913673165
0.02762474775368217
0.02254012657396315
0.02840836440709055
0.24285877390297814
0.02532938878224266
0.03970616227223264
0.03443279459145392
0.042187351354809687
0.42770079801857436
0.032933955459059895
0.026973319335722837
0.02083427186199825
0.042859440538945845
0.02891704978349646
0.049273837763260775
0.04101903718387779
0.05192031450194886
0.044242133041138956
0.03752599281165965
0.1963585910945882
0.02315723290934046
0.024141595316851897
0.023202185632791777
0.039167779341506996
0.4330371671054386
0.038588284998649226
0.027179608074269317
0.029071058432252057
0.13651722486749865
0.424296772747916
0.025302116059942904
0.029902228357454628
0.07191434378358778
0.02599091112247113
0.02802909512804374
0.020895137324021675
0.026782978438440123
0.11322737619999139
0.03976577493823684
0.028521505222085755
0.0325898276601585
0.028052001181349647
0.028335794549554833
0.03505522349609861
0.022947824876190754
0.03288370719218847
0.029047262564850698
0.03325751806404832
0.0745033513722671
0.03707810334664339
0.02655436300939358
0.8364911571633841
0.6721204474775241
0.022933643601309277
0.05761903573294902
0.033356049645649526
0.29575541887470075
0.039447523279215725
0.11247067922352236
0.93806142907822
0.02921258032536208
0.032873853477031416
0.023218759378679347
0.020114028285496566
0.04668008606679484
0.02966791526256068
0.02369688506540124
0.3754335472948313
0.09299891621246205
0.03362581302157005
0.0531837247595997
0.026932277981769063
0.026928856201768638
0.02635224286127141
0.0285485760192452
0.03049924096588789
0.02654041824890776
0.08881137020123336
0.043434014574105194
0.5410294252634026
0.030270457111498804
0.02776417160535827
0.2329410474443683
0.2157851779382539
0.033371856420142815
0.03931682688936432
0.07181668833422758
0.46185696556350114
0.025290118178303754
0.02678799262162612
0.1017322195201621
0.04303413038302762
0.10828380436020726
0.03686378579426043
0.030080765990937088
0.12961900681132374
0.02707213519660468
0.13251646950165402
0.06627758940663515
0.8891147662833029
0.039501209415856775
0.030425886401910754
0.030098853732520706
0.10103271112108798
0.3217609062687869
0.025117633848741907
0.02230069612752693
0.5223780896443311
0.2125867305095664
0.02642453929632098
0.19973168277760256
0.02668761013006919
0.07398349489128567
0.02861636216345799
0.024487635550943403
0.05183027522812259
0.026933555216225723
0.026758185420472962
0.19824735793414722
0.08448079131584599
0.0279865138874278
0.03386101107514706
0.13282040008166582
0.04417814493211818
0.03020700873097089
0.028620549929588134
0.04320912723616257
0.06373897546366432
0.02547328134556167
0.033635938557020635
0.02714087919604638
0.03595162908772175
0.04643387783177117
0.025169582737677294
0.42884233003726613
0.030333525743596858
0.03534887418655622
0.03653509765403615
0.058612524132276536
0.0491910005851348
0.027993973727630045
0.10577062248921837
0.027341863295583295
0.03207734524609176
0.03067781217210006
0.16344553500713568
0.02901325595047281
0.031286465800615816
0.032749364768126746
0.07429159141235801
0.02739561680566233
0.04339078758414956
0.3732776090854453
0.3411379449028383
0.4448817495288387
0.4132511065790492
0.5445936032339009
0.42384466303821255
0.39561410432280353
0.39149996832274625
0.2823481388945658
0.40247808178327693
0.44679216824014545
0.3764705278841667
0.4328944958995553
0.450333361319421
0.402062670400683
0.4091357568557219
0.3909680395864748
0.38430987127904737
0.4630882754472695
0.44991731165272275
0.40919048322984153
0.40330453713310443
0.3914763506239098
0.4541029710084984
0.39012754082352563
0.46700900772066645
0.41131399811780484
0.329769041274829
0.320183979183207
0.2841627311912017
0.37450869141601223
0.5420365766854162
0.2841627311912017
0.3143758677159795
0.3408341921472266
0.4150480567748647
0.41442015520597575
0.41264681926534375
0.38936141151543335
0.4015969741348593
0.37277849335522684
0.4100692717200503
0.4286548463930446
0.4307530384211806
0.37183877047802155
0.4056293637910468
0.34251514017015366
0.4027242757172982
0.35448317082913755
0.3568116580865697
0.4256825049931393
0.4314803062122655
0.37263032876254765
0.37496265866383943
0.3743142015444121
0.3377938069181146
0.4482090180333638
0.3655595982880068
0.4373967359980003
0.43912809171203576
0.36354171101940785
0.352493297144913
0.4324071792310911
0.4364549514402449
0.43912967700633315
0.3414563015261143
0.4138713115878742
0.3984284672531503
0.37506894989123424
0.4080498965866056
0.396821980306773
0.4332941069205893
0.4058025214050924
0.4299072562675447
0.5370489663175375
0.39114295750405115
0.38867145893529015
0.47826552997527283
0.33977786449510755
0.3376080925556188
0.38644979655354483
0.4707347275318296
0.45597191531131986
0.44058395871654027
0.3395916187114737
0.3414563015261143
0.512779888194858
0.3253577340976666
0.3143758677159795
0.4794436496223411
0.46050258685816164
0.3989324072468283
0.3719835046581629
0.34239048925070137
0.43811780002529205
0.41431371697487274
0.45642012937312465
0.42563574646685864
0.42756637028051236
0.4644180354172726
0.35891734971509454
0.4758322776039861
0.421438126176289
0.386801715058754
0.3611044290344226
0.3777368782327675
0.41704994264686407
0.3730833772044584
0.4389475965616262
0.33127070618885557
0.4105614169854599
0.4343258630589178
0.4527711719787486
0.39559057845877665
0.4526099137522916
0.35612041444181786
0.37216185865186163
0.3167352603966382
0.42157669304594136
0.46023229984311326
0.4375087480558763
0.3602783213047297
0.43813341803187755
0.38881807588004397
0.5733883959792361
0.43382412148754806
0.4079832656650547
0.3658810502644953
0.4483500220916807
0.37243623353749294
0.3835631590234823
0.3672799711975012
0.44641854832794625
0.45915269442838
0.503717305448753
0.504422316130282
0.45751723172780495
0.3924622823235497
0.3533401941915534
0.45425186734188533
0.37437902699421355
0.33742242827036173
0.4418658130029377
0.3759361855719693
0.5892465514161936
0.4196287361812177
0.474333937601352
0.44413406181974996
0.3825159999946967
0.2841627311912017
0.363044630612287
0.34015050470630337
0.5108913322526719
0.43211968090832276
0.34418983134802394
0.3941516182435831
0.41707363986576323
0.37011031305000813
0.465895194349301
0.371542205389014
0.3713253720404534
0.5373941293012839
0.43620663006541716
0.46553802851798554
0.5223769210752094
0.3859807040653806
0.38170120467674556
0.47372936590606507
0.4171481282105374
0.36631872919767183
0.3798164706812701
0.4214489276644093
0.34021263065760643
0.370562107328927
0.4481690365808274
0.3709530129089974
0.4965829332630861
0.42017611554810635
0.3383512500308883
0.42544831531995164
0.42267266460617536
0.4326351350425733
0.37823823670789974
0.4406155031907957
0.37120792074677994
0.40135082671220595
0.40490728248733565
0.3442917985141819
0.4604861376743207
0.463634980417103
0.37047807467303157
0.355483223350923
0.399436159820885
0.37603521088883723
0.3083781524737207
0.4205086470952906
0.5068518906399669
0.2841627311912017
0.43202716566814475
0.3143758677159795
0.4725238914359429
0.373589192259122
0.33791764429217996
0.4101086879586449
0.36935029939802916
0.37379576047789087
0.37437902699421355
0.48999501419979596
0.3827236593537643
0.4535338439568079
0.3750687337437961
0.4741232353176417
0.3720481664819234
0.4833458109786368
0.39471209257607925
0.40661917617838045
0.4119641173538617
0.44712565649745617
0.39521793570041847
0.38964369811271055
0.42790958159408576
0.34997365054535806
0.3966041064980511
0.4301107751113552
0.2795394567802103
0.3974963304466299
0.37515728344502697
0.285984338182247
0.375741399699159
0.4174971268032769
0.34099493679174275
0.42307055430541907
0.3490815698902506
0.3468065253095274
0.37548174773077037
0.3911547835213369
0.4629915665442296
0.4052649069703202
0.37140175467823955
0.398576183746828
0.37739997481743726
0.4030339730502514
0.40012259761389224
0.41444930628186916
0.025226731718960626
0.4567884123207561
0.027951310479406986
0.02268503378046754
0.1027177786075417
0.38601082054577207
0.022315140539652247
0.0291696365205853
0.019864361467170553
0.030547839512708466
0.14223682833894277
0.03746294757958883
0.30017941953558985
0.030069017567534908
0.030639143982274086
0.041154387281359145
0.029340165878055935
0.10078064761176286
0.3540905215147054
0.030111660924230503
0.3559208599734079
0.023194080152362025
0.051806570071883495
0.4301912015530154
0.027056803844590933
0.14893893081813483
0.02929716501023803
0.022501690637957556
0.15056964332644185
0.08878776316062485
0.12044632787197776
0.37998082884044837
0.02085011441054945
0.030955525943145767
0.34164304093000375
0.08550056626390004
0.2812991649616843
0.02904311824700155
0.2722121435141244
0.02312663460637496
0.023984086743660035
0.27964312167994115
0.01724344690157601
0.09862550805248119
0.38909616758536414
0.43796500874307903
0.02615907239304185
0.032471467949284176
0.030822903113422697
0.030134958140534338
0.23770626088630095
0.03586421553434724
0.07635276557516427
0.06749470187899764
0.32096574710253417
0.09401876426820313
0.3904411455516008
0.3396997827471016
0.23606110592560373
0.16438663313997176
0.026173220561841806
0.029313192166636467
0.30900989012853436
0.09848636757681906
0.07054381265064298
0.027434301825012303
0.031819605919243286
0.4379290201770836
0.40964430163083776
0.10363922494360912
0.030733561190885925
0.24090874601691986
0.030199790118194365
0.3610385758831414
0.038054077826472466
0.2104634982990789
0.029425186472096184
0.2221145900779156
0.41185849402774416
0.08229187284495754
0.029485695721038905
0.042351341864394716
0.04128711921702469
0.24923694942786687
0.19628764447759287
0.2613120495544183
0.20265717175971254
0.0470686460766594
0.028326833495285652
0.42219613927095406
0.43135669968948465
0.03346581220026545
0.02963655765988705
0.09959440718551789
0.06457175190662755
0.35089709460318413
0.02884579021190493
0.04723996061212586
0.055780285881793956
0.38481331110008776
0.049305778787736926
0.4990578276717584
0.08155215965745209
0.3683799095894499
0.3724564365370772
0.3699812706966948
0.33853716426390223
0.49102521980218
0.4280293429973441
0.3389091422590443
0.4250496115595253
0.4026308993211495
0.3772924207168927
0.3374594251157039
0.41715300704649844
0.3773460001343096
0.4188914210614319
0.40568918376517027
0.38989149853272353
0.4274515525586293
0.5048583727170608
0.3921668109925324
0.4387351905338846
0.401413754356666
0.562702398162763
0.39643269653030394
0.2841627311912017
0.45405418951395193
0.38326624830495565
0.42962782233614455
0.33742242827036173
0.4549950791776118
0.3781266965225742
0.4341010450943721
0.47211457604811796
0.38423611337868824
0.3918606003222888
0.5752043651861939
0.46376765190731184
0.32735907543075743
0.3743142015444121
0.3701748411869775
0.4170065734703796
0.3750424402373339
0.4012021452762931
0.34463830350027663
0.36158062047153705
0.5336758184648139
0.4293330721952637
0.34133183589883714
0.44031880697501696
0.39725873386729244
0.39302524325618765
0.3671474944771098
0.37373097569120917
0.33996415984153805
0.3621904729540028
0.37381965202011713
0.42265695812351517
0.3699813114596741
0.4092306808078258
0.38775529490486366
0.4357625369471995
0.40936851983329414
0.38402897621155335
0.38152803958180204
0.15819822772318656
0.024890439634521616
0.029360620717276013
0.023523866772265877
0.023600260213878867
0.026426644827902482
0.029183493203690833
0.026731642443160945
0.024638598361782366
0.04143273158863247
0.026916233105069028
0.02284839274415891
0.16941065857552245
0.06901775343084217
0.27011303338946024
0.028601101745581774
0.08449890392217313
0.02618196422725658
0.4211972603576649
0.027775124580395626
0.028578909057672887
0.023080332917855283
0.030506963915220026
0.2564898107179309
0.024751105705996736
0.03503317900123745
0.021784041039502492
0.03257188702775393
0.3312979594944196
0.25199719728437464
0.037714548232658705
0.10763188442190733
0.03002769129134166
0.03696206616862212
0.049126377046008925
0.030024241236437075
0.026097016539422882
0.030197420293327573
0.031000988685457625
0.02760859368014865
0.02440298973990884
0.0259438421135577
0.14973954191178154
0.03321830825824436
0.03588288415736661
0.023770049588100688
0.025810491530659722
0.16121988540622462
0.09355997062096931
0.042575917472457744
0.03218197529192026
0.029507127725604102
0.0271172452796294
0.022826328761300377
0.025165526008883627
0.025575788364108787
0.02634719872458726
0.030406985025256718
0.40943354247720454
0.13433907948457183
0.024696937921888026
0.028400979676742696
0.024884722898619444
0.03100386142621132
0.028702623974742728
0.027436902627182663
0.022295969519168967
0.02798478806617127
0.10079576102438456
0.027060778582438823
0.025810140495521692
0.028908421914710387
0.039611205377372595
0.06829746636232771
0.24098008380516153
0.02694938863834983
0.025256370163298222
0.02169779454011495
0.27476511415519694
0.02611312391435987
0.027224453858927026
0.02577536632070365
0.03251763063706145
0.02347156135702811
0.4020777642748467
0.034465215585207286
0.03387639200344951
0.028717111575352512
0.026338047834076662
0.23220351835255845
0.03808930270105288
0.026163683229965047
0.026179033683466014
0.027054213797113105
0.04668215423303217
0.025613081221079654
0.026936708084717
0.47698842548579956
0.026563329951509264
0.026830957022570823
0.027123694400978286
0.02820430875978001
0.025346693096377056
0.026711358154775208
0.026527849164145578
0.08507242717184188
0.024734663708919382
0.026504259847249207
0.030048941976767152
0.02844760819195456
0.024115136927369277
0.031426811828769906
0.025094519692966312
0.026545498368683623
0.02421803277115414
0.03858264444294432
0.028313877835257364
0.023089893024203917
0.09436456582119107
0.1954141603536222
0.34442247882998184
0.02599661595865606
0.033901952284761505
0.15615246382726983
0.03254622145450858
0.029973637540235545
0.026470751620609214
0.30446625130520066
0.02595906702264801
0.02931751702432092
0.02607134399005024
0.022611534296241843
0.022368145087476535
0.049479366586621894
0.0290734416998547
0.12915340181456425
0.023496929680071076
0.031168127615311198
0.022247072289962054
0.026490877440122552
0.03420572112778733
0.037245370187983115
0.04534489730268599
0.029176069092934468
0.024682832965117564
0.027927540030694212
0.025786405926349804
0.02432431636657075
0.02376928139673363
0.026033779098529063
0.030574406809674347
0.02660316201587544
0.07297822488271284
0.02487430471715998
0.5596768283235264
0.027162812470906874
0.023984065156931973
0.026608234462357477
0.02587284913688951
0.12609346764769003
0.025388957479180373
0.1660829511677655
0.02443400794326653
0.03906009022103892
0.022013812320022738
0.1905949799455382
0.022716470859970476
0.025886804518594073
0.025322643263043034
0.026278825487001698
0.09332726002819763
0.3559864285764821
0.029854625283197468
0.04197402250465891
0.022486627378338564
0.028426521819526946
0.02773918745964053
0.02854908138340582
0.0329096562910033
0.06647189734082626
0.02935786934420165
0.02133755945343994
0.026045719413024613
0.07628450662933756
0.029389854054575292
0.03358722302608507
0.026525379806542928
0.2855436402151661
0.02390150354768022
0.024753880467277067
0.02614171571182277
0.12544049881684186
0.025844543601000802
0.027744395714104697
0.039463582349263795
0.022636015040564755
0.023163079603308982
0.03595338217671807
0.03145307710246761
0.027134470172993055
0.42169855761047814
0.023256098075226973
0.023878709464878658
0.02905128726330083
0.024588154782739475
0.058028611117779766
0.295941882964241
0.03022791904395316
0.022265481524968895
0.02776859023692906
0.03364637673203757
0.02649797327239915
0.03824612525954611
0.02879989150189505
0.2118548943799389
0.027691784815624315
0.04070438458456877
0.4240068596345964
0.03251146928248215
0.02657538319403639
0.029328195638338134
0.19404146839277386
0.023632192360828513
0.02642969275080672
0.053049407799182914
0.030284766250013636
0.026591397046707
0.4808173399479998
0.022109356746526254
0.04565167986798155
0.03045351342994792
0.2808820795495583
0.021701952529013697
0.02640703496114752
0.023833612909900548
0.02307888166726878
0.05092127008032816
0.02440336186212817
0.02908946617517784
0.023863925091479478
0.0270220646194421
0.02878256119953132
0.03588285225492838
0.14712542286255806
0.026191840605836857
0.06805918974004688
0.03411059013641688
0.030835569042730424
0.03918671339492537
0.023348369812712745
0.02307009290025789
0.038331533462093385
0.02483773009259903
0.03375150241635365
0.0238662172072148
0.04255066065440134
0.3826194501141933
0.027307672158894108
0.02692889994744661
0.034596663595615515
0.03524685922596628
0.11399716531245499
0.028564948440988162
0.022353209487572405
0.023652845482570302
0.029595786017051113
0.02542326530823283
0.08203330600883978
0.031094989057858093
0.025526335331728205
0.40557714635395253
0.13372790813654253
0.02503364902806805
0.36108998569947054
0.02931382756568848
0.029296175948571535
0.0407629581622374
0.10841227734865895
0.04348098584655402
0.018991084999861733
0.0280872731940484
0.025692094296822874
0.022570519947133712
0.02506989810422775
0.02903982500112171
0.03646120838916443
0.019345831461532435
0.03884501265598396
0.023032694081055845
0.022780516574032596
0.026198948138987283
0.2348901323351249
0.08620735348832936
0.023459993142122125
0.031407951900313556
0.04887753989436655
0.04126044512116564
0.03558845844425551
0.03314093553953704
0.035455518624648685
0.026531985652223658
0.02637780678247098
0.02866850150259232
0.25887911450628637
0.028807634230671036
0.025303317996023655
0.031582252746194556
0.028575335410823622
0.03314514933720675
0.02930033403275071
0.02620138792563892
0.022868376915797288
0.0400187188346193
0.02956408034709661
0.030824881058482724
0.03370421253925966
0.03236166618166557
0.039421079757541784
0.047534535154678904
0.025993333227143763
0.024530043663281195
0.02259930362468698
0.033936146572786166
0.3999250003554093
0.15553657393133527
0.06315133412173257
0.030599540976693564
0.028907053810876982
0.1891080539772297
0.025546998112766197
0.03215478333158446
0.021744607250669266
0.024961058264400645
0.28961229182606824
0.025785158485141797
0.034921155214070625
0.02669119326667208
0.11196213719269384
0.03195531786359349
0.03367460689091649
0.028041097357035333
0.020310699468059436
0.025300116224423182
0.0259015792110968
0.23138156783315583
0.022368145087476535
0.018660897601928555
0.025416408402881025
0.022477351823909683
0.03414010518737731
0.025002673635294112
0.027891465733405865
0.028281256255995212
0.024566683421925282
0.025598489769689352
0.02475390272930058
0.02312038243005931
0.022754431359836916
0.03629224857262002
0.02647034882851454
0.21522615740416692
0.07488295533876267
0.026823754970983847
0.03278136261386303
0.07152221533004881
0.02331088650544811
0.08119727771471111
0.02710096758507405
0.060250374366981004
0.4000418817739466
0.030767079675202393
0.20003934524455944
0.024682098407992164
0.25986964429360065
0.36147131266225696
0.022878241924018633
0.024516405430156686
0.03430035748363484
0.44122728780276244
0.03131303601468684
0.02471304542584537
0.027371738102228052
0.028021079669982737
0.4531247137964151
0.023499947067124098
0.3303379066209974
0.028748008192567842
0.03171295271418786
0.022416617262547414
0.06702910905858529
0.03248805438223857
0.02379084167017729
0.02488467814529405
0.0854721570468914
0.03463799555900837
0.03233883446284785
0.028360054229999484
0.0837687844452072
0.027675968342437844
0.029446565833520545
0.03105956732314214
0.16155981767396937
0.022560135888673005
0.033376964150588384
0.02761726438417045
0.025887944882141734
0.03160270003518821
0.02511609866651178
0.027848221029990388
0.022205306439873566
0.03237033456249535
0.027768098293786705
0.027774772488523936
0.022422683496108386
0.026503472557741818
0.02556724617761597
0.11365561434883716
0.029646423096739937
0.36777750043832386
0.0245304618064765
0.02699644953632926
0.05297922841098962
0.03013688820061103
0.02412394601019701
0.025832142034175633
0.028366820539331306
0.3655698928643571
0.024761340322302004
0.5234958150332825
0.026808401116577757
0.02296428327043248
0.026211028317225087
0.025466110596681177
0.02927541547878439
0.06569991395888825
0.030310106916603692
0.027700550702491323
0.03150870698252781
0.0240021706860918
0.02333537285096487
0.02758362657816455
0.026485423741942356
0.03377242404788085
0.026389857715110706
0.028082780147712625
0.030337442895722988
0.18086891199313046
0.5591711597994286
0.030811807415456305
0.02589046835110866
0.024581120552817026
0.025615307463361145
0.050104826184263644
0.3961225677408518
0.02450824808539666
0.02869847108985843
0.03330512017709614
0.07257455867094711
0.09443738766779053
0.30748450905188435
0.029873433738032612
0.030635238682458394
0.04843664833327854
0.024215729495249316
0.023186664565511064
0.023798445777976754
0.24201406203941286
0.033608367140445114
0.022241392391687
0.03324655141395633
0.023058697107675396
0.026008520753275914
0.3381118239524175
0.027238216278771665
0.030290032633289523
0.030704921741167603
0.026047818962081012
0.03742151579641355
0.022642139270936907
0.02480705364725613
0.03582487267137481
0.028088106173145302
0.3002312402577003
0.04485111410510765
0.031491280829362756
0.02934584454652165
0.032826764548889935
0.389284345842475
0.025340265119448438
0.0357860535694267
0.10231850288270025
0.4318539879679739
0.02468046440442333
0.07893759886638259
0.06586434683963419
0.028933554413749406
0.019121032726862636
0.025178726087611385
0.02251996164362451
0.030624617941019037
0.02308217829763414
0.032229408727620305
0.02389620525710519
0.022085432709954205
0.13888364800420558
0.023868488052475757
0.035146250556165236
0.024244122633017146
0.02252963920138863
0.03260574751628236
0.2640345626563199
0.022568755213161172
0.02650762914461796
0.025601288022075046
0.021774989911997406
0.03559174067373654
0.023761153322236668
0.023501424158264828
0.03761193977492234
0.024294313851963123
0.02583262784806026
0.030579717062678213
0.0264690024182469
0.19975607513813426
0.025602549806924387
0.022643360229617594
0.023117828084693613
0.028331794736750505
0.03255964526647116
0.1176615657971285
0.025312549854698756
0.028605526391963388
0.03615019822338413
0.4270511200781569
0.028447247824765882
0.032353599381269284
0.025676216709162168
0.10167449289749349
0.031879428066554534
0.07577352672084807
0.3312569561704546
0.027470366560231066
0.022132052361369316
0.02290701770881496
0.025812591411935863
0.028964159536482285
0.37690908605808876
0.16628696304515247
0.08636106479927265
0.028330018045259395
0.25846029091895417
0.025982584045538982
0.03533109974578306
0.033432242916582214
0.44966982131689986
0.03065949713119224
0.027266278436323295
0.3412073921340134
0.04762766964474744
0.030565141515616564
0.11085138653280446
0.024982484749336432
0.026221826835487898
0.028332629941834116
0.03063180317383229
0.023100183242572733
0.07113903632662637
0.024263860455114656
0.022544345532143725
0.17582845010577022
0.1825419477062255
0.02656901318270153
0.030511750802929588
0.025761469425732833
0.07108694201907341
0.02901100242618591
0.030085998000119095
0.026184359906008366
0.027077823208730964
0.027568807062993993
0.025921283808811073
0.04646470025614145
0.03581655220451042
0.6709343286870243
0.028492652062959208
0.030251298272735577
0.02500466878112109
0.027052495323338244
0.025526335331728205
0.025703080464150683
0.02752872709776871
0.022138600693236962
0.030959856699459613
0.024531605941797072
0.029361018585940132
0.024093311699711774
0.02458425154908251
0.026896491046280505
0.026997613203076122
0.026963522720416338
0.0337811733054781
0.024030582351276312
0.0256021785206704
0.02623676849735553
0.3689099185479353
0.029448931236173564
0.02456240901889133
0.026501384862455325
0.026711764513617627
0.12570352373007032
0.02932715319027696
0.027179632457035346
0.024776711121761337
0.03695756801570649
0.02622891873376374
0.12215883482756171
0.05858117638733967
0.025631833071962228
0.26958045383394363
0.02417840679170723
0.02647999490818736
0.023362842429647354
0.017327795229896057
0.03485536107576969
0.026272191081951966
0.4098371233747047
0.031056730083189474
0.0256021785206704
0.309467859358599
0.45746442884200667
0.023168240072565
0.01822939491821584
0.027052906727637244
0.02549303426887929
0.0258298237838754
0.027257641486220972
0.2262498518081145
0.03091740021809119
0.022511360524901387
0.02826735967225826
0.0776123106444851
0.45272981163316545
0.026996811665272343
0.026729919905648856
0.030088869320725038
0.36539301644687877
0.025935706079764073
0.02485033915166716
0.024908832427443434
0.19579429613662389
0.029473120298517008
0.03028423111927839
0.025723094706041536
0.42844191813972876
0.03081609666291866
0.28920676354714875
0.12658962929821577
0.41530057364731093
0.5524900912925834
0.36300359359427303
0.028370825152611752
0.027442109617651048
0.022301663037181386
0.18973231815422503
0.40577458291679963
0.038949307750963155
0.4423124442977283
0.0350199365842398
0.032393240103315735
0.02843243513243179
0.40873417512209026
0.02891575405479188
0.3158887848575701
0.025158353480082957
0.36345512115904244
0.41329963214808946
0.030847717581472416
0.3304627024741801
0.4551763621902668
0.03295833073955163
0.07647581002276371
0.03695517873931025
0.4393950028912494
0.02125306142274848
0.4746785993563667
0.4323223641947016
0.028549132533955055
0.4717512726663532
0.05213128636081417
0.034965032596637545
0.022741777812322384
0.3747032218239912
0.027096632526834082
0.38985948641862744
0.05326768382669962
0.38742908554197686
0.1428137067347513
0.5330475486593155
0.42613604196996346
0.03770281305102813
0.04682127644541382
0.3415185425340128
0.45941746726300753
0.4139644334449088
0.024820408396386065
0.03778443501997495
0.025745942152196707
0.06695478796746569
0.024491523830070937
0.11301615871153393
0.3962084354258069
0.4311190843635004
0.03569750225283626
0.5016163193826312
0.040099241085916136
0.4660321145454701
0.03658183358619225
0.03434409272840291
0.029340358645356744
0.07946942657220439
0.44704302175246724
0.4704177727252931
0.5632067899075558
0.17902750407422047
0.8245764178485168
0.392566691346901
0.030087930125088765
0.02723349002838062
0.04272888722488707
0.04478719721016602
0.4964317835252957
0.5045803864873648
0.03468639466329319
0.37418456417706797
0.42089663108333997
0.5492004597398245
0.022283565105016778
0.4666034452837913
0.03159313834818821
0.3830296742298657
0.4206720683724977
0.03283859026473003
0.028814864147198457
0.39863359730638154
0.4153035371561939
0.35346311682595855
0.39404873757689207
0.03452827099691691
0.04755982228081069
0.024735417817916855
0.033985204758847816
0.023360618540163504
0.5200715762600866
0.030632835766589886
0.45472681231592055
0.34771683842439344
0.3946709307062299
0.39556209765010625
0.39437154148846165
0.4166517575810079
0.4602032872312965
0.03225882514018442
0.028870989347671634
0.22026476103289222
0.4420009954870399
0.026981888312573494
0.025627313496681493
0.3949235946271935
0.02818296927283096
0.41883784413630504
0.647011601274245
0.037283974289937204
0.025646447399147346
0.03332297697203298
0.49893901881745245
0.4837018503015081
0.38573805529812205
0.3870273959470645
0.4856950488073187
0.2256680595543836
0.5901884225891135
0.35951962124270165
0.46447490186957047
0.060661984739597656
0.3728244650473116
0.38453224945257364
0.5673134257676661
0.36748367829967943
0.5537871236019628
0.40981380289626734
0.7217009226513537
0.027320253867717578
0.036840090536858855
0.022734912207478124
0.40222946555511074
0.02506625726174912
0.39858726608379236
0.39371604932791515
0.5404626392282232
0.028924409948175668
0.025995801075235726
0.03697838856207185
0.10327561383776206
0.02467645855766637
0.022954423396628034
0.4069573042879623
0.03081224691812293
0.4277400641956222
0.03310653828799874
0.4874767533440598
0.0314827330489261
0.025542190368418354
0.022643360229617594
0.03193418984622304
0.4650909129714572
0.40045734509157466
0.026429933579643645
0.0558833629285453
0.38862764368670155
0.3824876470026897
0.49132972115364826
0.4060033695694831
0.5021994677057443
0.43299279987857436
0.4077782823547939
0.40622608687159834
0.5239188159437863
0.02266879130993726
0.03636870278267881
0.36590686357805174
0.02239309307176544
0.4384857161142895
0.47529631880501944
0.037961249649642176
0.034515732206727975
0.0558318746714789
0.42750480638293703
0.38538244045309406
0.029735807470478434
0.03024933406303054
0.41722644214173266
0.3773175795293135
0.3661770872143407
0.04240947134341317
0.03193715161963359
0.03034934705400766
0.45449073967398146
0.029033909262493014
0.3652915654591495
0.3124170341223509
0.04598856858939424
0.2607200294154941
0.03250259588509661
0.45362077813693513
0.04098762238577708
0.03418312729833177
0.4131348552292995
0.4112809668113726
0.05041047424072644
0.5365312817254384
0.4643029881589946
0.5017886262254467
0.4503423398140899
0.03064640950479618
0.371875166534778
0.026404628095180654
0.44030939291072513
0.3418298294494744
0.04513994518421307
0.032561578633540145
0.028947788583081013
0.031336194501204166
0.035359411194497065
0.029790958246438147
0.03429024120854909
0.5165811278592073
0.5036410698040751
0.026133851134892642
0.39823280968372937
0.45437310241879847
0.025995339698755632
0.02860199589846374
0.02418302839425109
0.18408496917048287
0.03382009285514223
0.5335965111971341
0.031151943568563364
0.5589300154364597
0.4071877842143592
0.4397950953057325
0.7369451187892766
0.13418977203687557
0.02773169883717444
0.4279230052348571
0.12313933713842311
0.41636768004303953
0.4046005055687143
0.3984714878411434
0.41816490389163363
0.531512200141724
0.02568516679654771
0.048750341574042816
0.3820915753679516
0.22295023360786
0.39834860641430336
0.03147877193928198
0.6064722061395996
0.35900229561937985
0.3762571349939141
0.025106895748588688
0.029414048715408724
0.45280511968190135
0.3744438569520847
0.16626305366353075
0.02307776210233837
0.4834906041211804
0.600624483135942
0.037916107947331516
0.38644422636958553
0.4774200647076052
0.029395468106539636
0.5628515443226606
0.3400883842520913
0.5177675225104915
0.2391829326990209
0.4766594782551292
0.16720109187556886
0.10341087786751008
0.4162339995959484
0.4914473865890216
0.1804756266750121
0.04520460523970307
0.28180083301703396
0.4101065628877455
0.505468066993213
0.04183480802592065
0.53348323046989
0.028904709661058205
0.15259680117388436
0.03039009960274809
0.37381290202031303
0.5287209232876494
0.028101509555318645
0.05025724116008228
0.057359414938137676
0.03150907160494292
0.4052567477322919
0.29398595615771644
0.2517842807389788
0.344105387524802
0.11498221883975474
0.4501346583341228
0.4578547975013354
0.4626388136005492
0.1714844161589138
0.529935395202582
0.47858664552345503
0.031078509381909692
0.3536938848180516
0.3790227242442405
0.02918575972402429
0.4438046875236294
0.4492401291284032
0.40809338956759794
0.39481878763804673
0.47316417330249405
0.4316271973689307
0.6620701066934176
0.41609570149873243
0.022914983930602057
0.42773787578422134
0.026590949257202994
0.5206580398016121
0.40036038956569475
0.02363446275768508
0.34766252916407336
0.3889720231139742
0.02673118780711938
0.03139805068604878
0.035297424248800766
0.35903628949312577
0.40416213983052857
0.06694204658294192
0.40996864784861214
0.5194349944293529
0.4452461376640863
0.41312846115902685
0.05026436066588835
0.4896248216947819
0.021819791274649294
0.653769822115113
0.5370751315337585
0.33378536219111055
0.027326730050376606
0.038363517240962826
0.02679913799122696
0.49248289888029323
0.37732038849629346
0.026280096166709108
0.37177289254701834
0.1027355930290379
0.4763346801296531
0.39847709632566214
0.5957563486796069
0.5306667850415844
0.2684867029557981
0.3916374670987425
0.5010433864775949
0.0692333635331894
0.6241143033819998
0.02310605645672233
0.47723246897107646
0.48202722507592893
0.03328156234677452
0.03832977479964316
0.4357488479174029
0.03724715712806125
0.025671317251558624
0.38455232095924363
0.3760011231181016
0.021178056695783088
0.0647677648791327
0.03024220870140874
0.37584367962530774
0.04064138718384
0.41981718696512915
0.02395362567705658
0.07444939929617898
0.04938721530601521
0.40040845581141876
0.02672278765009386
0.40668174336724305
0.413048931382608
0.02981252533577018
0.03126609977290836
0.09382074005954376
0.026421294379703076
0.0634283489748219
0.03133602673534138
0.04185250437086074
0.031023923779361837
0.36212771605984545
0.547949038535329
0.3820529314566741
0.44680727389564034
0.03252885683184073
0.02616947524597833
0.026993362286410364
0.03360567921095005
0.37822249020245086
0.4434094248865369
0.3793353937298383
0.49685778162943495
0.28774824436702773
0.02531216422815159
0.029082091306232957
0.02388033853823002
0.6265349470476573
0.02667917994055127
0.39315503323915657
0.03949259301964728
0.031812321054951756
0.6374288405635535
0.4771990155711503
0.5501167649584976
0.46986526630930037
0.030690912784488805
0.042638258303718216
0.026843257451726433
0.38057883581606355
0.028878187873409213
0.02982013306847612
0.030985274887832086
0.41596988588335354
0.03933642659339422
0.08757058475379216
0.029591212865265577
0.03585416915465935
0.38718971189080625
0.1260417669485167
0.4061110801663173
0.11296920603610687
0.022362093271221743
0.37830909200872065
0.07566632407212064
0.44243691402934965
0.7053265598404026
0.03460699026661106
0.3989541154267413
0.35384587660018063
0.023492731465983532
0.02766808050630075
0.3389091422590443
0.042866872608831944
0.03158376619971176
0.04258723902292356
0.024347620606089495
0.3558692075320663
0.2711535780845411
0.2195914458698979
0.028733355933276906
0.03924624302437374
0.028585168839447592
0.02733320772505551
0.03203942866006133
0.48171365583482345
0.26712933047791443
0.02699720261631533
0.5465850572245932
0.44794191983379217
0.055875752382073894
0.4184025635017571
0.08665064044622373
0.4105846011785487
0.02992107095328963
0.42659332473880524
0.46071881086292427
0.03388553675189284
0.09539195947499966
0.09847131106431752
0.11209754090901829
0.57391383854224
0.05177192108272061
0.08554916253693003
0.3982438887952633
0.4114737922407416
0.023749275235257994
0.03777260203932565
0.038201488451047844
0.38420031620722395
0.028841256915849583
0.023177835727051562
0.038102983336630036
0.02339183500360544
0.03257704516307429
0.036768988619731845
0.036119708497368765
0.3465731861785442
0.031589729272140266
0.3426398128251227
0.43420567732050974
0.08203629074696321
0.023780272687799867
0.028983506221953198
0.025782317504775058
0.03170645358856951
0.11434805531982137
0.026633177167003294
0.03893051873709317
0.3708820128608001
0.032553463677383085
0.023656965440223495
0.023990523560791052
0.026327155470877998
0.3665883425542912
0.3732983976942592
0.4143037760244124
0.026799046348979633
0.03300560753605575
0.40201498209316483
0.028020608498175066
0.41807004717720025
0.37808722692199676
0.4522042990587253
0.4004895392589993
0.06531578736236791
0.15679440771377964
0.1747884040521008
0.03897957166127379
0.45755818849987206
0.035211417778185955
0.40512373501801163
0.37894859134945014
0.40510614825479846
0.4015187493307624
0.025956625883765284
0.03830030499183023
0.03505963475204072
0.02881669125731769
0.02604079810940672
0.18645669179442687
0.7459290021739378
0.026132966108580215
0.2303953822844064
0.04347066063208648
0.6625098776557156
0.37993826839020844
0.02727098575502902
0.08907525435796358
0.5353669025444721
0.025851929794815154
0.028877383881051193
0.5034151243129247
0.2476194880991108
0.02566228400551764
0.4524391150693023
0.025133220120345946
0.3290743755429436
0.05928683657861144
0.41387364343901606
0.44085042042193917
0.5043724756118254
0.3876228542017286
0.02547207154701672
0.025076726157654026
0.42359710437302317
0.03236125788369667
0.0434097540874793
0.38072043761879365
0.2925174793018803
0.4014821702558702
0.4230956088915018
0.026898652704665946
0.4155172412556072
0.022267283315390633
0.42855360963132555
0.027530470285622017
0.02467384715135987
0.049610167697152555
0.0346662696206244
0.03629179270578334
0.06409714228536781
0.023163079603308982
0.023998556023870004
0.41980549851248933
0.37051909624387114
0.38951062577916146
0.44772948187120476
0.026220093639193455
0.42279585792988905
0.42541488370777086
0.05080394299815187
0.0253656445870241
0.6422752987335193
0.026430856380726578
0.42516001382112334
0.029966045431292235
0.4166791900490485
0.36366670942524887
0.02662683695002624
0.029682499665400357
0.028237419953006184
0.03599282842098873
0.03564591105843216
0.025434526959075332
0.39692741177092056
0.028529221575577343
0.29547471158305294
0.031418359845436186
0.033107303707621695
0.35065076268382633
0.32859252388245713
0.4460621721653782
0.03732015919461421
0.03531997545526994
0.452668980629619
0.13440428009833064
0.4835968416639449
0.5682547803628649
0.027494234921086547
0.03503547165075443
0.18112172768265997
0.023501065458215502
0.2979342164345333
0.026885831296391962
0.45650825582913834
0.4405904076431809
0.13319137979081294
0.47446909153406874
0.4533462065351734
0.45975254748053507
0.42325475023780645
0.44375871339512285
0.37739017327401647
0.43378305661245115
0.033308791453996504
0.19933555653473747
0.05526938696012409
0.05037942962510414
0.04345159206969525
0.03476400540806418
0.06843925208303074
0.028020228268945215
0.037512517575768234
0.0398262188327307
0.3659637148101792
0.34761810990954917
0.026720683153401932
0.18310360991023206
0.33909520593296266
0.028507979168567867
0.4486624099319147
0.4150746853975219
0.40294602275867925
0.04848465958592094
0.02622142772913519
0.03103567410262359
0.43899733502699356
0.6325103597126457
0.02971434998948326
0.030582088604070502
0.43628306901038255
0.4412222729058669
0.5193111461070129
0.37497445403675866
0.47628976653899197
0.4179504056870153
0.027676017973222944
0.02789854734967909
0.37331427801989475
0.4576530304369569
0.06928305802200001
0.05415677533132994
0.027139961016991287
0.023261278774450198
0.030041331384462903
0.2927230456501731
0.4306450380873965
0.0669331238354831
0.027134858445426045
0.4962394203608801
0.3774646199817071
0.029274897644811497
0.03147135160305411
0.3765690211791213
0.025181682915195222
0.02774223792918325
0.03598830412834376
0.027632673142516044
0.47405184919241977
0.035601210766957776
0.04478978031068446
0.3509137926999284
0.37403824966811583
0.3772472892486411
0.029033862199283084
0.030752988423102673
0.030883205411231306
0.036022289143630766
0.03459236425544445
0.5124728745020034
0.641769352542947
0.6318025598395226
0.17061873546761197
0.08736357311304382
0.3446300432008775
0.044847568731463276
0.021342648574530308
0.02585890107871363
0.2733629076972895
0.033684093454020306
0.44651727743883046
0.029992144409027546
0.17670857500065507
0.028315193312175576
0.5651368482019542
0.1463152153904231
0.035614506760911324
0.022037660522190392
0.02450710501209936
0.036768988619731845
0.0360209942021008
0.3753386016350428
0.39881342770027445
0.4901618441445952
0.3909176814620643
0.3617054418526138
0.48312758038927317
0.023967689811727495
0.43555261220094993
0.4105435339159931
0.047964677827676494
0.025893784956903778
0.5555292318598156
0.03451466313367189
0.39063713128194294
0.4644185937292157
0.02232828479189136
0.04596385946453761
0.05080509044327671
0.36566133122766936
0.5509203283791388
0.5502233930464383
0.03972156353980841
0.03388559713010491
0.35550317114994806
0.031640036986915324
0.40707248971036
0.43674741457867977
0.038648734595841235
0.542456545076759
0.42434892399167357
0.49019687773575954
0.024624879148986166
0.499346670419024
0.030021023058113196
0.023266439644043038
0.024343405269047467
0.02427775379502962
0.03634193234569732
0.3873906779357829
0.03928338737002934
0.4637769763422179
0.45524925350978923
0.02743860028086456
0.3897192876164503
0.021768076834365727
