0.013376713725901422
0.014513294301680038
0.01688804864323491
0.01760886708509621
0.02635465381950269
0.01736796172172757
0.22358353272578133
0.03449808545753364
0.020015905546241077
0.015240019556471118
0.0836389556798143
0.01609831701795401
0.03491316950690995
0.05644970173166895
0.26619684902759605
0.011995429421220031
0.1334752561939633
0.19884216085710882
0.017721323881022
0.0063928339677881306
0.08840125485525858
0.18840851420826046
0.47155175200688493
0.017144055632267497
0.3007567142888481
0.0391072321793938
0.030364857831337588
0.205001079395622
0.4670250815081397
0.3662607076307814
0.17502094261847992
0.5489001709195023
0.4661551435261818
0.11485665727251605
0.18195094961698385
0.2298806277433907
0.2922701798991849
0.2511673215099952
0.3293290006119733
0.28215533170902374
0.17056034415312113
0.22617031672060217
0.2568621897752485
0.1248154392729154
0.052984606636384456
0.11622059299604735
0.4926008274982828
0.49253317646994244
0.3738046853206862
0.18310982312854082
0.05564288475564857
0.02805422080067756
0.06311468804168277
0.03661620830117165
0.006520856157506555
0.023868793709352316
0.013674858424191406
0.0037166819298474502
0.022841156298227826
0.01628718780214033
0.0020101806301546566
0.006083356565893896
0.21488122996431072
0.02645561472310023
0.0054280953776307955
0.004110133490409891
0.10664252187309169
0.015322494974451357
0.06478479687487815
0.020160245498358407
0.013628942551171025
0.005398082353275639
0.0685987013126857
0.004546290940681593
0.017597613836284755
0.34625625948913336
0.017894507282755774
0.02129037798382788
0.023129625869035924
0.02054556426379688
0.028799641920863962
0.02213784999740736
0.004558828913655549
0.0018690545547094518
0.009069393649553644
0.012301385914389375
0.051517285050002914
0.011446649748169991
0.028990102757959886
0.14166093357116571
0.0016156840884943987
0.0255506243317411
0.03202399848774742
0.09249688726309455
0.01921984210712096
0.012884034861312245
0.013276401644523593
0.01453162075375488
0.0074528765338081225
0.005544943569595296
0.030673418019537376
0.0170250220715691
0.023282846901094452
0.006945855570145755
0.019287376682264188
0.014806233241076567
0.04797757551995113
0.006950430597225207
0.07081424515816817
0.007996212542110503
0.004483633869603227
0.010149812126221524
0.03052653360974761
0.0668734333347181
0.029571302602116097
0.13859382315480775
0.02357710601278435
0.015934162452875933
0.027859069567201366
0.00939448044432578
0.0060392389392108226
0.0027112741725809826
0.03779485766339874
0.6588675709159068
0.011615437891982565
0.01091851025487456
0.0030968337960071146
0.005792199295755941
0.09169328950073094
0.04496918230962349
0.09984015880985463
0.12992923372755716
0.24870140868072987
0.18307788155902213
0.04100036817228456
0.009004616839591658
0.0010429729618081313
0.22907160752665104
0.39264068621272763
0.01980211250574403
0.010638335697108047
0.007559406181912796
0.014185478143691718
0.006334956903937634
0.0027091802067588035
0.0028951192482826057
0.01825700421895137
0.204987291550879
0.04153106809907032
0.10447642316015425
0.02908569379123089
0.006780861708170685
0.014874866956771838
0.005344456247826623
0.0024357511568173142
0.01661835770225662
0.09175677379104395
0.010108431555038827
0.006802443567288673
0.01674603330038774
0.011564665561719374
0.033550381187174357
0.016166967149072398
0.12133638977137404
0.006393851023674159
0.0072224507620714294
0.057666288684881106
0.016259373602551395
0.09519444226408566
0.011072703997915892
0.003130522744149876
0.014578676628654454
0.0199935067597739
0.007493930431452543
0.03571158971891099
0.022433968332389087
0.006442480783559388
0.01823096482106838
0.22208316774206294
0.021027772482428077
0.12067406627590899
0.024539381969465753
0.02195908911712575
0.0017533331992255238
0.008376512646921932
0.5484120371562495
0.02235957990873626
0.008849043198883525
0.006750743282097543
0.008137809936701873
0.008719307498887975
0.004614158182930531
0.01925080136483956
0.010507927526050372
0.03357171042561137
0.035619167853940745
0.013571904330205727
0.017269652672988647
0.04168678486184621
0.022846269618680345
0.01670733336110809
0.00866203087145851
0.011640910782444593
0.002451504329639017
0.3105224227620569
0.058586027361269256
0.006512497976869642
0.004023219060391939
0.0498078726983837
0.008514017334202205
0.006100159772331568
0.01895177689499821
0.0041983900334348154
0.02203181060973775
0.37861494088982045
0.032639764954392365
0.006944731323218301
0.11664300783674138
0.0066935268131798845
0.003701273445653516
0.015352428161169536
0.0247073662202537
0.0034585609633551295
0.30763177632286304
0.03517926104705568
0.03612409446270582
0.03923671487287609
0.01177904152288623
0.005858971208657166
0.005485640195798033
0.002104292700263933
0.035402715347141234
0.02867944076482278
0.3450695342623382
0.07783424101604403
0.011095070783853534
0.028939465943704303
0.01897961671867206
0.0074038805752825385
0.01746678969149616
0.0028778428550473955
0.03131178039662066
0.010894951312384724
0.006515546721681951
0.008720606443105081
0.015405742978744138
0.013995479657723736
0.023023738327386453
0.018051393460453244
0.14298078492094352
0.01634250606428966
0.02864097454022506
0.015497427592275664
0.03650711998548854
0.27799700911755243
0.17747929360974937
0.004685491681998996
0.022363853959629462
0.021833330022904496
0.393346143946427
0.007796126054293938
0.207804112721611
0.004006072974583991
0.37714226867287093
0.013858866980606224
0.04671802474847578
0.012881050281521013
0.01875109258428611
0.13782114248931648
0.004614723315762394
0.01631932951012509
0.09267403784590697
0.002814015717140947
0.016999670969857338
0.002717886453341396
0.014090547384752926
0.29656185942375163
0.01547009951619071
0.0012035517393824706
0.011495274646300182
0.013455855621144099
0.006635350128045802
0.04315880270887017
0.04498708379843484
0.003694602794695933
0.014028875322299133
0.037328513856973625
0.027211450189606922
0.009663635837978267
0.05134428676367278
0.11188577353648381
0.027208157020589086
0.014779316211245952
0.15592342025593584
0.016313572817304046
0.20156545846629592
0.036746224254322064
0.0049260265927727085
0.00338134434370359
0.015510740213816604
0.10044273504273504
0.03390645427372268
0.012696723582925925
0.029570863911973076
0.02393505867482922
0.008638565780404953
0.16589387263958394
0.016344590601962507
0.0075722971406572154
0.00811157369201596
0.19958772424714505
0.042253203296339734
0.00507935346989652
0.006302605946960102
0.01739480887706877
0.03857243599363581
0.11647827632350588
0.005309800925368494
0.01955246141599261
0.034458028181592736
0.09337512772419906
0.017929758846904436
0.043642095087032255
0.0061693708590775335
0.012683070849887998
0.09023272948975543
0.0064733876872943305
0.008971273223025144
0.015076974547647292
0.20371281771488814
0.01277542572234287
0.03494142234751646
0.001545266646053926
0.06972493164832685
0.016944547361227816
0.019746501962107744
0.23052445764191948
0.054808983343067615
0.13879527500592695
0.2539993884309717
0.007592208736777595
0.05164088153360008
0.025532458821638564
0.23565146566862732
0.015460201294534529
0.020523835400991463
0.022126436417792154
0.027845402162739695
0.0015890068666911392
0.02603060501303792
0.016483307328821337
0.22906951694009542
0.10954417086977128
0.007662114266871894
0.08581403469274976
0.054232459152951294
0.29230514977128247
0.007100336527203493
0.023280899365127044
0.2767843917283244
0.041377800456112196
0.01184226823420699
0.027384408892835384
0.004143403052556136
0.06403679699226067
0.030598604660954317
0.007530051070618648
0.06011056752594321
0.016691311253157017
0.027920669893923163
0.00458520691765715
0.01973868255103052
0.17241797106902665
0.007943750451988182
0.0018170543202287927
0.16185197622870032
0.012536952054587925
0.1356532780230857
0.006618716579199734
0.008709973122197383
0.3085264105759832
0.005364447463100538
0.044061423711052296
0.017134419254997164
0.025144281816159617
0.00990192268084306
0.04315528848149036
0.6097836868356165
0.03742815522615488
0.011995399190552994
0.0029726074649197107
0.021031616876800115
0.0023498962523955742
0.0010472606769546563
0.018197539475426912
0.041641684383284076
0.0029224188963632887
0.024792776915770882
0.0009679519244438153
0.010932153273628072
0.02231608652863505
0.050551189809922174
0.06557842854306783
0.0023188875749864993
0.007618434503168468
0.00886175639735906
0.05639589468982206
0.021993226593401787
0.024474426985294496
0.010922089730516251
0.011049370886740455
0.02037178362062918
0.021388621259195467
0.014679708143832347
0.03353466807536688
0.009134045286714128
0.14618462028280457
0.022136971008482345
0.003085488618901663
0.3929190225483588
0.013026620331898874
0.19963071071317012
0.0008141687241321831
0.03478495482341585
0.008601470987839862
0.07367661387430197
0.4005579332739575
0.03756328810428616
0.035179688437287124
0.023698839601411798
0.026167624872341644
0.021235747788698644
0.05406454259375802
0.046248433027772255
0.012323618608861804
0.01503701606400543
0.002164691430533836
0.015218379209248487
0.032219705601216606
0.017646592313009704
0.006132303193743318
0.02260389856318845
0.04560344827497719
0.0917177403791995
0.04254802844606126
0.0015047273439537788
0.04480341335793124
0.06983910492001902
0.3046258867314888
0.013471959145617706
0.007226102091913259
0.012586999640234688
0.12660069837274435
0.0098527149523295
0.025222322453467696
0.015098954226933884
0.0022386492810640415
0.012266132683038713
0.21340623742770706
0.02427931606053903
0.0048848654843004595
0.011886647250847773
0.2660930010399668
0.010666409211965907
0.0040266812756205765
0.006131020158500386
0.11123769998694931
0.006038228700961654
0.00225962464710842
0.002119221543647187
0.040173549928554576
0.005139269873389936
0.005177482691845672
0.01627672181768183
0.1888218763446221
0.0033304247596762948
0.010930783023038015
0.014329272143443088
0.01731806682049749
0.012359698487228057
0.021132332851354015
0.0044571930491494665
0.2663273481526215
0.009552334550017564
0.012965754531902402
0.1570319430023281
0.0031343632442289455
0.0015889605635542937
0.02607520219553713
0.007457115845233156
0.027724242236796207
0.018341537076199507
0.05410157261105573
0.020197565413836972
0.017094444164646293
0.09673306921867662
0.4353980343527465
0.07895793003814285
0.03165105099797114
0.005063583681828584
0.002561137167918081
0.01503176042404433
0.10261975705274969
0.05527279951735282
0.06850870771222597
0.024717183188717372
0.006561080736754361
0.026785249003062575
0.05847356866453239
0.010340307653915323
0.016258223347100857
0.01815779280711684
0.10337610448244225
0.02478632154822537
0.0029330626371511024
0.0039331911927420445
0.01039191131034689
0.004823477759744921
0.03150867531756248
0.0008088669373350914
0.005485165526212989
0.002611338569170213
0.001979290689306791
0.0012289569881187463
0.07810126093694557
0.2677460743190671
0.019211726304574118
0.017533638657654643
0.023343878229232028
0.02818323316741799
0.004912208982452804
0.002244311087440892
0.3091814315528604
0.18801909134780712
0.013298617215702703
0.01224511123878093
0.012771913956633343
0.0027094520650517585
0.02545375313468555
0.15435354602892642
0.027308856895623592
0.008385937833018827
0.006145163023430554
0.023567533066783813
0.053894706977403575
0.013881152412579477
0.0325608911559334
0.13791552397034382
0.006319644918962367
0.07494417035351035
0.008573139665585061
0.016580431255685535
0.018035532027507142
0.01056520779553798
0.05651680418145762
0.006362174795888236
0.012712447055371378
0.049293371582218845
0.006597276765213811
0.06783994973565897
0.003632718580010949
0.013798060998501496
0.010243114085186165
0.007994301552908027
0.019694064868203468
0.023180270576165476
0.007052356870180046
0.008195373283323532
0.015409454362470923
0.01820925550980639
0.011890139583904395
0.0034757838166564687
0.013032227400007054
0.021949642754823886
0.02657823503472999
0.06128090716159285
0.004842856283552155
0.006658298919517943
0.04144662287876712
0.03721696793776938
0.00936829327592079
0.035841980308622665
0.017935663238962177
0.012228591825955063
0.02718812404006117
0.0200213042985501
0.046075782996925524
0.039133870910681476
0.01097770333272619
0.266654329285283
0.5248340026237036
0.005583934494597084
0.0017460904256273429
0.30648625313536343
0.0034783673275159063
0.009242629567042243
0.02991940364187583
0.21114880953681758
0.0018184467470540283
0.01819776892923116
0.020271077249434236
0.02903761069379536
0.024078043769430128
0.011289433200063427
0.02259851179498878
0.3628003784348771
0.003627598278745066
0.042503047700930344
0.04343395036735999
0.0397801844200684
0.011531330461980228
0.06066709417748723
0.009478575537902423
0.007327670182764125
0.012377490981825596
0.03210698464816432
0.003765259634577662
0.01683571860029136
0.019888471182495832
0.030673563967068853
0.03670238264936136
0.07273967195379014
0.02205238434489034
0.010085493931042673
0.027670385663171024
0.029961995716033703
0.01770545448096383
0.005489795245976872
0.02387740520916757
0.4695799295844377
0.036485278931359694
0.04989102106488723
0.040988020392434855
0.0060214579904724385
0.06379507205567694
0.006735659200045915
0.0479887819872337
0.011833431429593838
0.004130312833648649
0.03635337802780422
0.4812642491963151
0.03524184671394727
0.005929109994304993
0.006641512944844535
0.013767010669810112
0.002873205946265361
0.017119131227221973
0.15035275678161364
0.006221929491461133
0.008859570684032534
0.03492978925869524
0.006380119665602648
0.00959772923626545
0.05231905864735706
0.011463631679501885
0.008601797482225679
0.00459132291256807
0.2349646806970378
0.005322621145545258
0.026889396882252514
0.06979540925884674
0.026262962378818745
0.0042702350816704905
0.3457417551190738
0.01489051384987291
0.004019095629411625
0.006296638483737121
0.02732978502155646
0.0039730688246242315
0.015747730855654316
0.12149778924141516
0.017148978610801925
0.004292709809187155
0.023980434272777493
0.024747210997828933
0.041472092685770755
0.0342567417387391
0.00599475940949048
0.11103067946919348
0.028817651785034773
0.005972016471155486
0.00453279473853489
0.025868767489181096
0.023872103007831023
0.5734148018307478
0.03309258657380273
0.10415889759246716
0.0033491819875112088
0.32046593177669486
0.00606472019383989
0.015689554182720115
0.04555315178824324
0.0073148610089993045
0.002802475271987687
0.08603401917951227
0.6941711823807128
0.011691963511454647
0.021415587290921904
0.037609196372026255
0.0014773033991613705
0.016498073351438266
0.03151820468069691
0.021493781249171784
0.015630078016108225
0.008991618494142138
0.010627499310147108
0.009704044247621663
0.13608958349149042
0.1097159273796032
0.09918008649335011
0.007010107250373312
0.015598043254427492
0.03388548819802739
0.07804701339762314
0.027762951721424026
0.011407511819809896
0.030612998212237452
0.20331491341577543
0.5010034411960069
0.014328620248586473
0.030618770474674296
0.5148490158973498
0.006363792284285102
0.0554788083619103
0.029467927416967462
0.019686495533820715
0.024562905719026248
0.017743990066402145
0.10218547126271665
0.024329456790102295
0.008587028930825268
0.006890141215440832
0.02001874951554258
0.014878909474616713
0.008886920746315726
0.2549145009304899
0.023869725400822328
0.09836655706246127
0.04992014511692781
0.0673054122042191
0.029435331217947298
0.3224173947406813
0.009026612449193158
0.030967031251080985
0.03169374109446308
0.11235015515359997
0.008405709662551825
0.03417227855447314
0.03094732757812999
0.053724802784133656
0.028522929145468806
0.008444262733094093
0.013144805004668934
0.015842113981947965
0.032713066149817685
0.11696129470636944
0.03534689003878279
0.030974247230024773
0.05031355532152744
0.042625789782104406
0.01593617355320735
0.1202980971814601
0.027503451366649577
0.00856958196889685
0.119505098834341
0.009457015893328266
0.027797487068256466
0.006846482239764132
0.02673715640982647
0.03565538295154607
0.059447622235790955
0.01716430760785851
0.008622213475462472
0.019180534894894935
0.016382883841950597
0.061284388997277575
0.024448454582257896
0.02084673768542658
0.02850289936851176
0.01621090326923667
0.030865964680819983
0.05751137400666084
0.15151728603989797
0.17016179213683105
0.013721111456873039
0.001403296786777752
0.3436105730624521
0.01552982901812712
0.04759631086937549
0.011837263687695882
0.012575450108635318
0.263809152219604
0.03246182823531897
0.007572831604159599
0.16100839615375342
0.013360630377579032
0.03969603498400577
0.017052427033992137
0.02999708387727238
0.012288596946481755
0.19405239878827402
0.010403980562603207
0.01273665762323296
0.009068594290639168
0.002319297870758794
0.02338964995522414
0.2658029268569491
0.019395871246300996
0.3452705583802923
0.027144630071442775
0.04716360178033505
0.011981556134774715
0.024784763551236145
0.024945522545655574
0.005380765337134714
0.6385858344169772
0.05381514602234344
0.04081265525338933
0.06532122055433857
0.02428679160318451
0.015614376276664437
0.004350200770860239
0.015381825109656657
0.07433402614257646
0.0329907516520869
0.012808508599540974
0.010153386353604885
0.040185832498013524
0.007266843984898083
0.018359122407070102
0.01449535343636363
0.03278572087327036
0.006910988374826119
0.1029733629440453
0.002668524527905211
0.03889648194393101
0.010381232488475018
0.037144924406424175
0.04068411142025659
0.03782115502088469
0.017996633303023257
0.07067059413396864
0.011816627800642979
0.022669750178175567
0.008629967683447703
0.0034811170528701594
0.20562085769902896
0.11388605381705313
0.022403749602588084
0.03999278739852547
0.024978160067884895
0.019265284996028167
0.03582401841503366
0.01341703224449888
0.010671448205372644
0.012760258692807414
0.048173668146708204
0.21736833609147393
0.022765952546253316
0.1441609049888854
0.009952174932476604
0.007523264804728033
0.0042407835104123996
0.013582433519104438
0.014042439522398016
0.021680334661943388
0.022741970411805694
0.10498037527828179
0.006230119201905238
0.12364523247166184
0.03341735360099581
0.03332353698893142
0.16626079479910882
0.021625375310744436
0.0043032827668018385
0.12229636007811052
0.004156251905452281
0.03572874636985972
0.007421932949515198
0.11420312288188511
0.04489850833014704
0.011145169893271871
0.012382300050887215
0.015749402290184858
0.026033098029673636
0.005241778498351599
0.004599369600601268
0.004317819522689615
0.019977899484289022
0.007151088518346024
0.02469249493371299
0.3802431500007717
0.029642770246487572
0.010042998910072005
0.0067009281220567875
0.028398348035550317
0.26034092752966925
0.01359413772016585
0.009875355640608329
0.0607028072161947
0.004179423906697261
0.047943813915437415
0.026448615750191626
0.03585511279680493
0.18955835424532608
0.009785333466601003
0.009741072139915371
0.03495006405693754
0.033814354188565945
0.004670244416428095
0.03035809416711399
0.11436771412306407
0.004982481085267642
0.016603845103233806
0.035004945156538
0.002983600756611583
0.02411177509864768
0.0013363589446508538
0.03409465893381997
0.006253845665282632
0.007442877901415541
0.016927140079182328
0.28004808498754274
0.17630178364962487
0.02957249622342456
0.03015285105885608
0.40169955707452876
0.01900643348701921
0.008386771708932447
0.005824550008285248
0.02219274208421252
0.020965294450863405
0.0228615507884543
0.01020406143040579
0.016605998322387176
0.042212576320512764
0.1896113283381911
0.012493985778921276
0.14008100030929033
0.01849875224616578
0.020669801050867097
0.025709395974223764
0.00429438652056189
0.013044988569508658
0.021267233366126747
0.018143240149638643
0.012265887905135458
0.009014179845083783
0.013214562017477614
0.014267369726501392
0.176653144771873
0.0309250595533008
0.021559745333174878
0.03902049721194472
0.0256234495368669
0.017523365361827047
0.03042588493579966
0.3157589895068318
0.02398221781476715
0.09166085451114615
0.17060798590538873
0.045471181396068684
0.014758912406435927
0.06394550316431664
0.008237190195666022
0.02145289128686916
0.0027992853443691464
0.02872342815234692
0.047972266566264354
0.027848012552019283
0.05457879755949796
0.12252064734310521
0.0023544968974810437
0.018065489730798086
0.010964516848224125
0.0011173584179289325
0.41106401839733825
0.005634536799813778
0.01477988196803169
0.21913551289470004
0.015300302558232172
0.06629248504633217
0.009221209811522538
0.023198745137488624
0.002566389168796652
0.03756793450394949
0.0884268887549813
0.06762276111521989
0.030275949068816782
0.03157534867753264
0.04108111393603965
0.016752426833248533
0.005427836532081283
0.01411338564257163
0.024528095807674195
0.008316639373246218
0.03346234963054244
0.006053406219396625
0.008045027509664009
0.011728669964276654
0.03649447148427517
0.010621808601467383
0.04863692355591242
0.06596301219522391
0.009791382773429133
0.03519730677164291
0.006391606230664237
0.1602459289789634
0.04945680455159814
0.03091310024230375
0.010144167438205653
0.03155867800334631
0.014635649831906683
0.008092382157597111
0.15602278718837906
0.004172984320438342
0.02217665777343771
0.01286911414224853
0.031138711551721064
0.023106744668482733
0.007304386562996363
0.17848189678480672
0.04427466334335506
0.027547192311900257
0.014044349783868107
0.026177583442201814
0.013586329286224254
0.026796276473623044
0.013660362992179513
0.08033218006004807
0.1948319944543909
0.040691912528845374
0.01616905505558794
0.03183223464309058
0.0604898509582072
0.028197070361358895
0.01628983145160764
0.007568612638699237
0.5258831033613469
0.014207391355131832
0.014764085845623675
0.004445560093162339
0.011439130948997053
0.14043981492099525
0.0013973635456935732
0.015484801939503943
0.028279867803821686
0.03762809332698166
0.5035200082662586
0.5002079343787382
0.0021983086333066237
0.07215541267675729
0.024754607337809497
0.08064413905834197
0.03252205356923998
0.015292661620106755
0.022502471559328458
0.03062760146455589
0.03251512681935721
0.012417281341245565
0.03963548926232505
0.06654331028843775
0.11227251739317425
0.033834843948997634
0.024316248134030306
0.0241838874471443
0.0007771561197481277
0.02841575901092846
0.004611071530753692
0.16389699036557182
0.0006112261498254815
0.008438615686969434
0.01944648472746677
0.028849180703469382
0.008184244517732555
0.005994370352146121
0.0016744325598990492
0.00715030818186287
0.029740465527560475
0.01427498922370395
0.020911013587017652
0.010632094858184131
0.006979216211238996
0.020034888878083586
0.004769156660229169
0.031398008170476444
0.002787959433095662
0.18657892388283076
0.017073105481002156
0.04647946476486366
0.016422554436641947
0.3084287784655541
0.14239352430801067
0.014251326441238403
0.021018977494701295
0.009107527054688565
0.02310937004563888
0.013872537333865939
0.015079541986538714
0.22937469960107598
0.06410825932535512
0.018197546347584814
0.006137842479422279
0.009780116577840267
0.005112019640285964
0.0242325902429639
0.015868244746637294
0.34978164511195947
0.0496021637400953
0.01878056110917776
0.08874328044242802
0.010853650454582251
0.21838264150063333
0.006271363120697668
0.016076505072015055
0.011362777926890335
0.01906935139676384
0.01073887268365363
0.300841931406779
0.38495209830841226
0.01403621334692456
0.003736441350695418
0.004533845498961396
0.007848749373733796
0.015138967882760255
0.01581675387725326
0.01144984247481701
0.08488470187968843
0.02321091354004709
0.0036061832060490548
0.06941104358136486
0.05812613491078765
0.0018192848096389971
0.0322721146621142
0.0019475977585982564
0.11423472616511925
0.0051642537857859525
0.01641857326064797
0.01206795121231891
0.13276920626053323
0.05061182480812527
0.012684323210531165
0.0042848983798435365
0.04233346977200902
0.030176546977714325
0.0019077943209797371
0.00727859255815328
0.14329328867362975
0.03006787997152302
0.14695746096862444
0.030602715307042956
0.021696301520631518
0.0067292376105294455
0.0954265263711481
0.01497766409062946
0.045883702965008676
0.010436243479868086
0.0012619350219145984
0.012699654599791993
0.019224874652291567
0.0077663538212390335
0.03973110166179774
0.029461712108503076
0.02120365345198072
0.023202453916866535
0.12405345263468988
0.0886449081526725
0.02256577783154339
0.0033684289845237695
0.030162422056164435
0.14883605149174742
0.011694209768518189
0.07071339947910454
0.00868492145903783
0.5204382363614625
0.03409210081910138
0.04459478428570682
0.029576982345948577
0.04518696265589656
0.027049550858053977
0.04132298512524693
0.09918572719929439
0.006779123059043375
0.015243761736840892
0.0040403079571432465
0.14845006255886845
0.030075714553905803
0.00294754205159248
0.03974844360076272
0.022849218655835644
0.005863427712815581
0.05661716281365388
0.12021684759472116
0.20803319933022302
0.19167449644466336
0.13578996952639572
0.13911373734173504
0.2338543940162368
0.2678639383222325
0.12857885814357456
0.15564330573921767
0.66872857438074
0.32483855187739613
0.2222599342721218
0.17956899959970135
0.1292033007359853
0.250553343428693
0.27327072927072926
0.19276857983491924
0.16829626630142383
0.14872097570997375
0.22120301720458277
0.22165818162333442
0.11763339379035329
0.12290020159114678
0.148342553258016
0.139871915933111
0.711631268048014
0.15389232312022416
0.14239952823234558
0.138953893637227
0.16977917766433173
0.3472606911669544
0.12205021997055134
0.10802521800303105
0.11230374396135266
0.2095318833322565
0.2072058722755573
0.4893947704089314
0.22330552506904183
0.12468993029087141
0.21350427819782203
0.24036158682546738
0.09647461891117111
0.12876949237204946
0.17982354830318553
0.08765345335343709
0.16083381293325424
0.2870820842394917
0.20252666669471786
0.4207247738565722
0.28023869366769283
0.12904389284837997
0.1271657245080184
0.1954544428882664
0.15377835690499497
0.4198810879127381
0.3557395382395382
0.16925279852550662
0.17602419212696896
0.03818686979923836
0.2651478836608078
0.16292732581247987
0.058106060606060606
0.23505627291013345
0.3950603073678697
0.15284596787276047
0.31091764487362794
0.13753973359013993
0.20670052811745696
0.2807457282846145
0.23794137394744394
0.09779768186739099
0.22426883796040833
0.06640687372976291
0.22148983926810253
0.1557621443638619
0.12528396568797368
0.1613865010630961
0.18235094787657058
0.29911912127652873
0.03504201786165459
0.16199293953512225
0.22915285981147135
0.306314254799408
0.08003734629527177
0.28703133703404826
0.29177267675783086
0.15345085250964924
0.10563849472897757
0.07637785835388078
0.2711637055311507
0.1944880938912109
0.32900365546775884
0.06600991482161192
0.36287317620650955
0.2105707834641897
0.43544284586136667
0.16993271433050972
0.10351851851851851
0.391264030595623
0.12028411684578866
0.15127378358750906
0.46268427022397923
0.1614698419205396
0.14648931623931624
0.12428848540475064
0.284927680344347
0.12166423647221287
0.14773423335923336
0.1629778199412861
0.1183147942592387
0.1847246119092023
0.2729900928904912
0.2341475457838269
0.28020590137007784
0.2395201003248931
0.18021935626102292
0.19290879462403768
0.3597222222222222
0.24570191606015382
0.3879001759300259
0.2275210454463008
0.5213752470671577
0.09771057578097332
0.6698847844308503
0.20723416886773197
0.14401022429337842
0.20351512623718404
0.18733021824836385
0.2159288310743671
0.42301499118165786
0.12059300122041279
0.17849867724867724
0.33358254743335
0.15684000117369673
0.14579278771735227
0.13133370597252933
0.6593949501375195
0.1278357823296848
0.16123939458142403
0.06914064838326801
0.21211520904658157
0.1879754954309038
0.17252658286553274
0.14050723618185407
0.20082821793908295
0.15478127325548627
0.11958643772566065
0.15072007974484386
0.5457790564573387
0.14070068027210883
0.21733943122688962
0.3622709508881923
0.21772344749124303
0.12544994434319454
0.20683193051652093
0.12647874302812048
0.13842753187986123
0.19394273504273504
0.4691142872023396
0.11574074074074074
0.11376719576719577
0.20103324084866964
0.10884379459592487
0.1867725481562244
0.19026278929858637
0.098094058490358
0.15510028345995777
0.2935450627595969
0.27286812242886127
0.1573068471444996
0.17270496929390844
0.17288608281354872
0.1952744444988269
0.10356389834917933
0.1752315633121915
0.1855447644785364
0.1646578624340858
0.24809267902090498
0.29810543341915896
0.24840810551098838
0.14517219111851354
0.24667160108550737
0.145016408819721
0.2760565085970011
0.10084276359271221
0.13896292197381752
0.26168435959431385
0.07263285288572645
0.368644068676495
0.1699728078683481
0.14007272184300834
0.15060088774577682
0.11277625928959485
0.10482600874262404
0.2563845231098185
0.2112691363674394
0.18436754837353303
0.13207319205954685
0.1639643400738653
0.11744064262938433
0.19793070573208213
0.1228972987479159
0.24877662146536317
0.2946097195813496
0.13319386697595526
0.15845140195880936
0.09700167226039282
0.19189538047834037
0.15500852140112314
0.1574512894849281
0.10246413083989771
0.15203477688740494
0.09951934636469166
0.1726856140660631
0.2175453690295657
0.6147627927058438
0.22656476805640147
0.19809869565909063
0.1090335467062316
0.11947610685398043
0.5405984415081053
0.2285098946986202
0.15610211531006166
0.4899692015948189
0.14833836375090498
0.5578493775681693
0.11092203270282831
0.17677777777777778
0.22107974164712865
0.07318669869073355
0.0979213943950786
0.11859395834357135
0.11626623031077053
0.13165975329201282
0.1876105275443511
0.1098601072930843
0.18092045285136482
0.1639858585858586
0.11053588072462243
0.19242742756297324
0.10852971244632774
0.141340876055719
0.15626430984680476
0.12531881417986582
0.01115204732665712
0.10238950756373923
0.060749169996927914
0.0017552296544545562
0.06481639951188063
0.09147509296526013
0.19430558590636915
0.006098253791000759
0.22484172324753637
0.009058401292730911
0.019209978038349954
0.03303452719936067
0.10231093228874534
0.09296767591443236
0.012021031240652274
0.019983608761056045
0.023286151269459713
0.07579048611485338
0.3834418775274849
0.005199845115130141
0.44168060593371666
0.06122988133483098
0.08640785041297531
0.15429705297567467
0.005240812662602301
0.014976649718567974
0.0065283178151685885
0.07448242286235235
0.4747273568965712
0.16996534626407436
0.030758087419903584
0.046233509679447046
0.07640006484338342
0.011544758296378688
0.12885641430928496
0.19955425037413285
0.08151116274663539
0.024054556009725253
0.0313859709925371
0.013381880622905233
0.005158085588619012
0.03493302007230903
0.24791572883812757
0.21561614297724352
0.46687235885566636
0.605235254549222
0.012567587647415843
0.2266691408870556
0.003048998135824188
0.059396063893372215
0.08296756935786384
0.019704997708050183
0.019535159233566468
0.1430410169001245
0.01970255302069714
0.046548609817676924
0.4333472727039916
0.35716317783211854
0.06968382462646307
0.005662201336490531
0.009890102310286959
0.007911668283804485
0.029076334900813804
0.016581178982707872
0.175102129848074
0.003343845480048404
0.035062777711129624
0.3096485871955636
0.41834494738205613
0.004043480323221553
0.014646925583817166
0.06928604933680034
0.008571310352200549
0.07931728338848675
0.043589215133926176
0.019465276835735745
0.20708039790865262
0.06999567078994584
0.31803024845858957
0.07059292209064713
0.007082127903542344
0.003717332759731599
0.0061157839950700165
0.2165745688885021
0.0376022271400585
0.0357242446147903
0.011922471303193101
0.006865715575510547
0.013878262327606703
0.09715843841131198
0.20526588949811908
0.34409329440896075
0.0023730435489673018
0.026965280870652846
0.006175729282480391
0.0830376647758629
0.02346895062329521
0.1348333160008421
0.08220967845161756
0.12775764769436498
0.005330649241984461
0.20133987248934296
0.03665144313988264
0.09517409353154967
0.07055271257492128
0.3023928774928774
0.16798555923966915
0.12229841566384321
0.1826585133493028
0.1071751809280545
0.2116016222446525
0.12608497439379793
0.21451117567400851
0.16411028903260047
0.1432472185248766
0.32490564813188233
0.12563562975064932
0.08986800555259596
0.1014489241069701
0.39603833847102315
0.182143891439673
0.18066810607764555
0.18650797610087277
0.1390454728601733
0.14627466192926722
0.1331334175084175
0.33403715170278636
0.10253059791051371
0.188501007799103
0.16744024739702673
0.1265058184180991
0.4770045059641996
0.41718056567818096
0.13583735587839402
0.14739118683668395
0.3022990543138879
0.24135177146180045
0.10171029876956245
0.19326304495211688
0.15973745636322326
0.15076700747560134
0.0918018315493968
0.1906829771595593
0.40355925925925923
0.1817154373712654
0.5001789195210248
0.13471306471306474
0.3369910911572177
0.12140999385135025
0.1716111111111111
0.2211207790884823
0.45177294504506765
0.08558328312913237
0.11818848625018334
0.2525085142613878
0.30536517888242026
0.1652282517786249
0.11311020075817634
0.2304583308618492
0.1532280397878609
0.1400049340637576
0.2214306569144113
0.05922286675936215
0.1940325122741535
0.5463229116006152
0.20223304506213205
0.005901454609949507
0.031235230429838848
0.173588483009833
0.12714744344897466
0.003976292895219688
0.017056403775100717
0.002765239876500502
0.008936450645407521
0.027489612798374145
0.0278515731307702
0.03483132122552002
0.05637791999595475
0.01055258805387817
0.028382444208565567
0.01497183204515544
0.14800511724576187
0.021819758505301406
0.010734481695313332
0.6891832619703977
0.017281510836782428
0.0010892688891974084
0.010123979230503732
0.01370784157965635
0.0005681662714476157
0.016273009066767857
0.2834506262978733
0.03994167331020022
0.014268140513064197
0.22456861950494875
0.02670057282328026
0.12886826084957473
0.011993313668416388
0.02834934183551093
0.014441332394565083
0.03642977374556035
0.044131678559907114
0.0649513405260126
0.01447458784735557
0.005762086066215125
0.10619332089649747
0.0035442732188865483
0.004483806994968895
0.017730721229433945
0.03170103864684308
0.025187127207559723
0.03036378964456518
0.017732711378094193
0.32576140523231717
0.10928746858692025
0.03822625536817261
0.01312664079869444
0.049910545935214316
0.04590633613063053
0.00432190344194587
0.0018796556523982858
0.12611331128286293
0.025293455436348523
0.008335090026463557
0.531267902447417
0.003361029597334196
0.012952775531883925
0.06372754892816546
0.009864444184805846
0.24473254782963164
0.005237413069802671
0.004134082762232941
0.03453989099879579
0.08278223103926255
0.1627643466188023
0.1750905612874034
0.0171672697100704
0.0018288462974519106
0.15594169137908642
0.002570459887565236
0.024595900015451852
0.03132986702204777
0.012903172521124356
0.014955564728517275
0.010432156591804834
0.00786971069697078
0.013417407414712519
0.021327720508532072
0.164213395871747
0.09098104630023122
0.4565027549152499
0.041651182804394046
0.012582502410330076
0.016044419351043372
0.21666545956915761
0.023680992639361898
0.2805058243932727
0.15629129141293607
0.007037091235914914
0.007429606850189435
0.0010866014082209624
0.005615240085917923
0.009455363004030992
0.4216715026891723
0.015106959801717132
0.006616902760987589
0.07521019288908246
0.004709820363220011
0.22173061647923198
0.0019476383532758673
0.004513997228749074
0.0825439182212058
0.03360242650577519
0.2464203709491641
0.03478915865588924
0.015964759325845516
0.019392296862226505
0.01924776871295671
0.0022264836430199615
0.005619846540883096
0.055402624163386684
0.025193299653935533
0.04666642047625927
0.007288308993652641
0.011234645750576379
0.1615005421431019
0.3940318697832411
0.006070518685379635
0.022511688318629566
0.01616044110373701
0.003914771564869676
0.01472785617368773
0.1232018377119315
0.008345150531910903
0.025998912849021415
0.00886091607914787
0.00874506288190641
0.01961865008872612
0.01917110399286727
0.06320254419903881
0.013576125452386735
0.0025432325989076282
0.013734020967697678
0.012338700453895868
0.011991149979963317
0.006234395113444887
0.03760076564042459
0.04270699799059037
0.002713776988908938
0.003004337219396758
0.004590707589977407
0.0029784054612863246
0.007592444504463741
0.028308752052634053
0.0674767070999691
0.08279240165527504
0.2310126066705102
0.008347200142095836
0.005698224441328144
0.0092509095567063
0.25562425525938015
0.02779810125965822
0.002285524886824207
0.010719672765532194
0.009729100775752618
0.015603454989910155
0.01014372946251193
0.10608939544082646
0.3807076047074995
0.0739072801277598
0.18636281084538395
0.021318393748883963
0.008817374990680825
0.038300338564497126
0.021804375106550953
0.0027748405821000468
0.29190000577553643
0.08007361539324402
0.028754675534996395
0.015033475632569416
0.0413274537214834
0.17746693039857883
0.026720517923806177
0.006802398035982272
0.05056098865280218
0.008582598020809481
0.01020608261168078
0.04623872868489358
0.06533408179248576
0.001813733264744381
0.012199575383202857
0.026461965478260647
0.05301540095605036
0.36878303072521207
0.0015089592645250716
0.005587771036976512
0.004372197851969471
0.0028726253403213043
0.0016066818731575994
0.01076238415991787
0.26545243294734305
0.15205706244579878
0.012929081286523427
0.06974791007503484
0.02044488085708343
0.010495689296734707
0.18934285846230064
0.004460150540395978
0.03673067959482099
0.03249693188877444
0.008154197880724544
0.017704160905879448
0.02357552231886834
0.048463301818140174
0.002246981109072416
0.035614689146356286
0.05010009644955853
0.011195527513226678
0.05665538692562457
0.039979742031317655
0.017652051927662962
0.01014369976290913
0.07716044378029914
0.13693018637549126
0.1660796359446221
0.1094559155024053
0.005886536734801277
0.23478200573482758
0.1012060175071055
0.12999013374886897
0.19685734106743805
0.011201227638816685
0.15709775337806509
0.5247520657658079
0.010946428899519895
0.005122496862530464
0.012502506664275367
0.24704859624336611
0.13515231517805734
0.060152670498049385
0.014627874421537032
0.006115798923252284
0.14625090402152735
0.020498251820138643
0.031114404860881253
0.0048454970482338785
0.0022901468871340553
0.15543898400578593
0.020937322060753227
0.029054498197916223
0.004738897753370045
0.030842136240058115
0.04019853003340172
0.009338803002892622
0.02442157900246079
0.010030007911071066
0.06366034416244676
0.02653076490059287
0.0017471466834617544
0.04521911870275121
0.060189463860480574
0.03162447875959627
0.12266037897631712
0.3360269008609243
0.014529832525655676
0.003431286819017617
0.034467003324898576
0.008848821077586538
0.01789491680930211
0.014963968057087038
0.004737929584842452
0.023783318046098286
0.07121900052276854
0.003985855476833472
0.007361742468215012
0.004198602367215107
0.4097614739063501
0.01791543868947454
0.0068021553966638865
0.05664975037041771
0.012465444718545217
0.35292051307466704
0.05618634844530389
0.006817687730872309
0.18991895922875443
0.044479094717670996
0.010010361515110889
0.07765104072938041
0.008592600429854463
0.07024218563904232
0.020259371499184636
0.010099030268079673
0.05103006935116832
0.06564200025506535
0.07860663071084788
0.002638983725455624
0.016361500033931796
0.38740393744740453
0.004303473762295914
0.0020302575334649946
0.34711296933818386
0.5339807226647856
0.018592133128058054
0.27074470388808564
0.031131019639897697
0.11256172230523578
0.18339368130159775
0.08433903830395842
0.19650769176994118
0.2843337204160895
0.006273931788131615
0.0028522811415619795
0.2915933269498881
0.011261373035679137
0.08401670568907453
0.03417866890840381
0.0070576808409508465
0.005556718833882687
0.049683083593194684
0.008273693549327058
0.00598932394934301
0.4004483482562642
0.16188733202318295
0.027835656771493182
0.005253313155791521
0.0028119774168009048
0.008051980121811337
0.07974959580747674
0.04369078221575707
0.1570364699480769
0.02385370975295152
0.01391328657967886
0.0468998211580147
0.006665877888563821
0.007490366264523462
0.0065332635738932195
0.05626769714114945
0.0063351938458058804
0.0038587551096116862
0.014610313976381736
0.0015194722112420239
0.0099698942165845
0.1850121102864733
0.009535934304431445
0.3114458239651092
0.03184556798894
0.006498015303225433
0.26678220289098026
0.10402016233630221
0.009997521859514533
0.012708062426667123
0.0050431031880990036
0.004258667522751289
0.005375781357508264
0.009644870497442715
0.023197445559223377
0.1719978610838705
0.003491027274176698
0.010416392840202973
0.0006744359823796027
0.004410688998005322
0.008640028794070395
0.0050519312801232735
0.00036385911121217344
0.008004472857935308
0.009834812745645986
0.03785661291838224
0.014125864254919993
0.004365133355579241
0.028387255033298055
0.004004915755257936
0.01753206772831753
0.009749574581714708
0.03444252553139727
0.008299169131806238
0.04483256939139292
0.039919115207770674
0.007295334371016814
0.1259885754510508
0.008972363952430444
0.05399866445885749
0.12994927113382018
0.012518215270080514
0.06856754626040017
0.05068095335730869
0.009707891589136458
0.05181699443803438
0.0064075036400679354
0.011249835864946463
0.27294638761125994
0.028408729509200176
0.2380521295863151
0.028114281883752517
0.007061800550257625
0.0006801650780869647
0.02846154929280484
0.0494732320059941
0.14079923680080797
0.010200051266267813
0.009158502389217456
0.03885613326348424
0.01781455431678902
0.009222426582293186
0.005699611419427288
0.007839266789684855
0.010701767475728348
0.005185172249914041
0.04343320476552117
0.03791707811973145
0.022549633056363635
0.020725383184427047
0.005296717670533583
0.011939691375111366
0.004140665314827918
0.03757954907453376
0.006074173718178643
0.03155934050731881
0.014782237948381972
0.006536843684078826
0.10077340948123684
0.0037639988935540677
0.032444396377465504
0.04189223806869706
0.014306189032387012
0.42820142631091446
0.014510447390470567
0.0790548160858962
0.025679799966651606
0.011969850066620623
0.01399074442502742
0.020258914319670033
0.001945141995660045
0.44396764096107083
0.0031508942465401264
0.40720018626914267
0.0037117093740155743
0.0033223388466348293
0.0718665333859685
0.10086507454269446
0.01954778356232506
0.0018081888130291918
0.21183138239893923
0.025813861984586475
0.02431794655106259
0.06727583685549418
0.005243746645987906
0.03030550585321107
0.01413355217616035
0.020920218024225803
0.022296521558056524
0.02606252431552142
0.007698775964689746
0.0076944825875144285
0.24693834974911252
0.0051483129836882476
0.04489884983908508
0.007547045369986625
0.1527588628017562
0.1429954479852365
0.19060520279644486
0.008750141753666897
0.004666625327342834
0.042235623681375886
0.004581528251000065
0.00953692429882527
0.012655041021564641
0.02122766325460849
0.0074183458807873725
0.07402765459684224
0.004770111043353736
0.004194025438438773
0.039638306328826846
0.023944412129169885
0.30761315044236054
0.15850371858183684
0.00924992565815955
0.0019799186367672546
0.0072301220978842244
0.15869093022878306
0.12646973247900084
0.009782998510671857
0.08644307801038682
0.01396749692649201
0.03330144737464134
0.0671992267644107
0.07516116435770373
0.029704115582886475
0.004232946359008879
0.016168531634651883
0.18178891981160142
0.017167675442439488
0.14420271303319213
0.02207719802660552
0.029904036333898473
0.013386755283136889
0.22537535511956533
0.0027841196926228474
0.48869341383609377
0.001867912619153368
0.015236170560907064
0.010113143553120802
0.1869132920360243
0.01095045312944609
0.009991133464354627
0.1894928365623361
0.00281910334560389
0.00372704925744276
0.032559044627292755
0.04543338038432529
0.029147230616688228
0.1389883323615036
0.006014144798480182
0.01974648691181088
0.003381370225552857
0.12915562774454956
0.02147888403009752
0.17550925040948945
0.007350040290551174
0.0293177543354726
0.23791146465757199
0.06919204800058121
0.004829590307480677
0.004208949606053978
0.17687356236674806
0.01543994365688652
0.09040087554136847
0.005895754125683503
0.0037470493297667995
0.27459304890773856
0.35754729432177446
0.2511995068936697
0.027271399037015788
0.1562176449861467
0.01608654363163039
0.11353646770862462
0.01475039835151812
0.0061526554581484184
0.01868331088230167
0.03035790053792968
0.5793409163563529
0.004333677624493209
0.012636587046239543
0.09498615165230538
0.034314798578039714
0.2586884532203301
0.011715633485593529
0.5451952083863848
0.008295864749951455
0.08699993815318859
0.060181246606195685
0.003907402776272432
0.03456312200694386
0.16016998311437577
0.00855247996796631
0.012644804674183942
0.004385644880393475
0.022905953647179268
0.0072430661457808425
0.02548947728750358
0.01787184881794516
0.5305001618974454
0.01806402783600973
0.018182735912239737
0.29187275049344014
0.03854096359887804
0.03510793784609185
0.2603320340567937
0.04475427234916541
0.04232381723411076
0.41610157656362173
0.4321638214057693
0.0073316486729064914
0.008560025702118033
0.16112822404014146
0.010426376289415552
0.18401598109682682
0.03255468611366985
0.007056717457156979
0.021990251090004558
0.045912371700786936
0.20539170547500293
0.013778327450330476
0.004891984163779817
0.002796052277939125
0.04407377550235109
0.25565180006523924
0.04502252859861149
0.0025609926965283166
0.01788799733132266
0.6434840060711705
0.029154670041823205
0.013108618795910972
0.21576414031156543
0.005226631285728703
0.10140618326537827
0.01742695925884166
0.019115429934108485
0.039657135677384235
0.02978154930612796
0.003193480839217433
0.026037678349087046
0.011713664277771867
0.12269148300081938
0.008345751489799966
0.0027964606985330324
0.07081081113138438
0.03156680705403505
0.012594309777168489
0.0077774921359455304
0.018211983070038035
0.1745987160987161
0.005669972540760292
0.0021988834970183397
0.02711821711521471
0.005163833041460395
0.009092032594804516
0.025223844269618573
0.007951998191873385
0.08738073570618299
0.04055710478449192
0.039257554813686826
0.15929104839971295
0.26653444241426605
0.10021483056815739
0.004953669694754833
0.010481667544355262
0.0037544600913373993
0.0016493969975925876
0.009545580491549032
0.04651302749651485
0.010688013075560705
0.059907246279063554
0.04103573225061697
0.04738558230130511
0.162004564202593
0.58022227432933
0.006018379144001354
0.0057857079045982905
0.0036681682796013484
0.005112067891725323
0.1116673837393526
0.003091831531856553
0.008477416077824639
0.015345535324919758
0.0083315243349235
0.023489757236138473
0.015992176410786735
0.4615010470968075
0.06922965198332937
0.014362321550340151
0.0031151842326963665
0.1635120023969796
0.06164935924574293
0.02398177879341209
0.00578161335648022
0.009345400200437204
0.2770721433449539
0.03839629960625365
0.1009401449727258
0.6567056153742651
0.17964757860764513
0.030903839928145212
0.24174023384166357
0.7173003190019945
0.23118580098694202
0.4704917585310651
0.14463814430989774
0.007911005011348128
0.12585289899167532
0.3211586415414572
0.6904741817263006
0.24879900753725304
0.6618795161300768
0.1778658731707324
0.18504688699741878
0.1885903709839719
0.6545751964493003
0.17851276267862348
0.42488978026229
0.3651553782603993
0.6063145888134847
0.7166623219575238
0.26731273835254976
0.32029796714007236
0.7404871458064132
0.4006144458712519
0.7349627536504356
0.7248862337664107
0.5540680659072715
0.13810312816016632
0.6690009618917863
0.6884779134389002
0.172732098127902
0.4640154303183829
0.4255101545815326
0.3707543012461441
0.08858285871091745
0.6860886461797197
0.22557379529328836
0.5984577593222897
0.18138746057052038
0.6764417992769827
0.014300377326178901
0.46396085421737515
0.6250997131264714
0.4736756496071553
0.018017059402017904
0.3964497354497354
0.6947081459077094
0.6002251500224736
0.12391649246563058
0.7506207476374561
0.0020494096880377117
0.08892665195683269
0.1220767071843657
0.00745315767595794
0.7633833017188367
0.6059808442495761
0.07022535870189187
0.679453383967515
0.18054344118861532
0.4475479503547855
0.018114306642520776
0.09804606443673641
0.07350249930212838
0.262129117180794
0.16898740679638366
0.7102259432932048
0.8022329136270123
0.02344601586553857
0.202276441207325
0.3849730625858178
0.48855448287166936
0.16247226076717441
0.3287083253568816
0.23221721908893678
0.13062464060938633
0.08635118157353885
0.2932388225972238
0.5665264770110258
0.5177366734128945
0.6487966863265309
0.07918747704872996
0.4909370717115266
0.6100564690698677
0.5588447919840447
0.6431559079028154
0.042895250121359536
0.0032168200962980407
0.6639673877859678
0.43920218274006617
0.4513603436980719
0.6484029272127395
0.29714738444082917
0.09328288714978544
0.15864078065750853
0.3761592770185941
0.27830740651888214
0.06256226677499106
0.22122087518490519
0.1948420721723401
0.5095792529841906
0.7321093304278855
0.7105114571584135
0.6596637688903888
0.7566861663416212
0.6242720078342068
0.4161053605272307
0.20539710605759604
0.37669280573717073
0.6964497683561179
0.01657187268884587
0.22590925260528852
0.5421372038697978
0.2689538633783205
0.6991729497289964
0.2943042220584511
0.15077463358088583
0.09220625926578858
0.5458296524357439
0.7396992085334028
0.34299835539670637
0.645261006567223
0.5718651244113372
0.7629279847997293
0.01668394579128654
0.715911095897872
0.4362201232386628
0.7952165844805948
0.029689560371116232
0.42365516273849607
0.6108429575058579
0.5876962009652753
0.5808653838445672
0.8175532409819785
0.6188987870705379
0.18842846436888103
0.2369366745870833
0.22970826677214531
0.11581619376785088
0.24320370388778148
0.1759542204795196
0.5859857753601759
0.7156155082135505
0.6273366012175916
0.009583087456179864
0.0031974337393142578
0.15244158142532913
0.1686464827049421
0.07844729859583324
0.1048890876682084
0.6368672020741712
0.21624598931256656
0.7764563865044118
0.34853968349719533
0.6063556943204323
0.4397547774093619
0.46565899133815286
0.14605072220757892
0.8022013027135636
0.5173773582016179
0.5425601400651427
0.3232099004559856
0.3196464122499991
0.5681259711677635
0.7963074515147904
0.295407498276064
0.3687719987883327
0.5939826841429527
0.7960126293869205
0.6539126276974605
0.7174694145168572
0.21633147300166694
0.014307539318907336
0.024303691999328664
0.49765249591202704
0.0824850821934694
0.6510293565702302
0.5461056073874805
0.35084580590130793
0.08402544857868223
0.11104440575269343
0.6721064885814229
0.2986905609760821
0.294595029444233
0.4311849854069422
0.6215663346652636
0.6770542020900403
0.5279654615316681
0.3193916059251108
0.16766637756927358
0.26994423534007617
0.6004237691845628
0.00225802411084396
0.5416556805180841
0.44543627450980394
0.734638747092115
0.2614920710306746
0.5244573240194983
0.7037662436376622
0.03587158272395585
0.027274653894658638
0.5587403473300677
0.4023944127103449
0.4252217776564
0.541770565033777
0.5593236902618098
0.6832690810559021
0.17200640883771445
0.022560744560579913
0.653772044460611
0.010734837733838654
0.6197854685163225
0.43240461785691686
0.09031435469116965
0.2034655876332188
0.007848434159041658
0.0075622788243880695
0.5356244629334161
0.2932812057198494
0.31803945507332787
0.6678616977074331
0.7260255707248083
0.10736743522213045
0.6214191090733829
0.656382950528732
0.2329749330641303
0.174482580749991
0.09376121487185929
0.5707273528615753
0.020937337175051498
0.3500374310704816
0.38541917059936603
0.29905646212525766
0.7389218017227592
0.4583239008487977
0.688226685498959
0.3605562240323852
0.1930005094006083
0.6723174468122096
0.05227548687383785
0.7216475919688484
0.5154117250933081
0.3469344427712299
0.5148365258082379
0.15081598622912912
0.17936892832557025
0.2098855953082833
0.5325550224996292
0.0034208490925333587
0.25581744468441187
0.009555357542260121
0.7626004941253819
0.5218731872045549
0.35216777388631676
0.008012680431785548
0.34656893768136493
0.7228365300565763
0.3769082892416226
0.18112560305679967
0.1300096098608405
0.6287893771884892
0.6554581875191462
0.23569022804864145
0.8361789395383378
0.7208211155716203
0.34261704845929
0.6211930258585933
0.37691588999862385
0.3335326475648928
0.21896481751537264
0.45784827174946224
0.0029685173590318263
0.4739670924723481
0.6419312983889844
0.6895962508310073
0.31781450604290135
0.5615128443906338
0.5919576264944162
0.456840041013565
0.6434396070870597
0.08969988155760228
0.3207898515033033
0.6184164725457196
0.2676742972486934
0.8040628136744439
0.5268163304809688
0.3019077158476166
0.4731269566163463
0.6472007167814524
0.6113443946333104
0.33155328081015073
0.624932972868149
0.22598256887425294
0.27111313942218657
0.42189293068141953
0.043510965444759034
0.47100224205657476
0.45007145680632943
0.4213832895141197
0.26527099252461256
0.6415388960936294
0.16934735551530433
0.15763576371186244
0.4116339065499737
0.6468608829347877
0.0061204395789244016
0.6000585623381333
0.6613443553179541
0.7078239722027696
0.5293193009963794
0.47141831669909195
0.6413975976398553
0.762843146190179
0.6209355731058726
0.12437234257589715
0.2632541402555986
0.1410555916971596
0.6662787527052936
0.5330878799095495
0.01660083695250152
0.3320833669254721
0.7757711873958637
0.003989101705432325
0.012949871744337853
0.011645375469045588
0.5557451947544121
0.617691330913877
0.09652150305284707
0.6353123299958395
0.41632291326874116
0.6757354052025892
0.6335916573139342
0.3407244328156332
0.7371633667716263
0.08741506287918595
0.8261840553995217
0.40127538210489694
0.43907648953301126
0.003918511723980566
0.01330832809979575
0.06629157873225079
0.9029568584299408
0.7358637255272084
0.10089824832905867
0.34864957606564323
0.03696956208045362
0.46923861836736824
0.5945311396564038
0.6437676265824469
0.9194049238262644
0.7468342846716836
0.850621412785194
0.6875035315320073
0.8190839305309906
0.4084304892807302
0.0704821947779354
0.7467035997742253
0.5944519211559065
0.2731520442513107
0.0431181236296046
0.58168380635084
0.01824711583922211
0.038517387095791736
0.40336847821086325
0.5125103799313491
0.005729153618330871
0.5258594233443223
0.2881225502986922
0.6487872110700104
0.42067664537364546
0.4282577196728234
0.016010448629313574
0.2993200827507078
0.036745287883787905
0.38792984124542346
0.16286566733230357
0.5676755812366682
0.7119879011554583
0.3012537176118292
0.3838294117385704
0.3088925566797402
0.12628053053001626
0.023346707551918255
0.197848211826273
0.02535291021155381
0.2717068745339996
0.16701827709037037
0.6415805025789866
0.47932205849262316
0.46453534554982495
0.5586945435833471
0.009339321485924444
0.009272204216008212
0.4840562688477971
0.533887596295878
0.6707282095541834
0.6645805604052625
0.33378056144034773
0.37627621144908624
0.010264710542168765
0.5208818014976218
0.1025840881868416
0.21575170398502871
0.2353339967881154
0.7651600954148385
0.01684970886414295
0.03452852850545129
0.8115470717957899
0.5708104041508838
0.7984838482186714
0.20065206768737684
0.4156677361971935
0.7844913372668806
0.15569752009487633
0.4296872744005072
0.7514660012799432
0.30539901314651446
0.3966049812557404
0.5127721923539545
0.020059487210221116
0.0943323192968793
0.02124874747068346
0.051658542312524744
0.6477665194584349
0.6440798282717799
0.5068505471045476
0.17670658639820822
0.08570947508393939
0.5084891365861393
0.6912706555532013
0.44833506338758167
0.3720978310124821
0.017270336485112753
0.5288989936357622
0.2713073573960523
0.12968092162037329
0.26858669975717225
0.44509146545197703
0.3700460760297582
0.1310264947029881
0.04947912136033255
0.012394855837031248
0.5061271100010296
0.5605846796401346
0.31911180267975753
0.33196051041520713
0.30808382998644684
0.015077273480714876
0.012435446644546334
0.06608009571899169
0.5381935279474074
0.3976528593408797
0.014271006926923064
0.7945129041999692
0.5560241932997576
0.5552322169389406
0.6092103299488189
0.510088972975376
0.6772914824918411
0.35133428962228835
0.682151894939504
0.6548560883700735
0.21746300564294418
0.3743396875300295
0.5435875737853304
0.4816188072992529
0.7418770806386806
0.43664231016043015
0.4950679257884691
0.5986351734766792
0.7169705642032969
0.09516211743486762
0.11276686518190687
0.3044155814753192
0.5685378613110398
0.37573415591866116
0.2222597193486752
0.49432321962846015
0.003979879152651652
0.16159797444474275
0.018539366810141122
0.027409207875179635
0.05480302523885226
0.4040665218188859
0.39717183292570285
0.5328063911915959
0.508147168619781
0.06284539187357145
0.11067146770785816
0.2178484442701464
0.5067757562731281
0.06211210297516631
0.1550741778959994
0.1967116963306037
0.38140002356150055
0.15634305856540276
0.0566828533515279
0.00501025174377266
0.3634555818626787
0.24592374167337105
0.49305542352527654
0.7319915678342779
0.3372445017229358
0.30014529714025745
0.4275921499526616
0.30845507686720997
0.4218467209256621
0.46231312275175745
0.5714660104830215
0.4395080869239343
0.055252288873278856
0.007695477981170599
0.014978450987023913
0.13099363586334417
0.5734461208479027
0.6220268259097255
0.46357942089623144
0.6589245766857522
0.6731884601446007
0.5683135111535986
0.31626522513525257
0.1345206605262197
0.013978710376967626
0.2090177449759619
0.13935309603007104
0.24723085397913142
0.5068501907887215
0.3901057750827621
0.7478202388822187
0.24555586751053568
0.6903538880711146
0.25669564902788133
0.007907209072900382
0.01636133590579243
0.6964712718495925
0.08385635738992436
0.21634426794825168
0.5942300269172359
0.24903039173274355
0.42276838221370006
0.707984970745258
0.08879520199793202
0.25572613724618914
0.35083023283366704
0.5634305960319032
0.7761836015085145
0.5975046551929025
0.28430251868145734
0.2377804567893293
0.012254647587116226
0.5156716273516583
0.24223903907329836
0.029811691497220832
0.614228181213838
0.30700617283950615
0.21776678150538728
0.7280791094551159
0.06512673763714134
0.5190173730930394
0.08781946692165987
0.6214116000603614
0.008277348339360674
0.07333252143095774
0.2414833470330943
0.40076117066976563
0.21650696101997796
0.25898749739744675
0.09617745936679609
0.2836514095124379
0.6755389428601426
0.34510989606496145
0.4697464616314401
0.7411401210968485
0.26131257410500935
0.12028084843257154
0.5396076011472409
0.44813010782497176
0.41475922043749036
0.4365263852137747
0.4116439306153864
0.7111114459407925
0.33726321901267636
0.4172165875874372
0.5934509151773063
0.010010118241592569
0.0199792491986092
0.026070728571261925
0.2695184316909985
0.3410459191702443
0.418591271028494
0.5985591572459763
0.10791085168018653
0.035734337868738794
0.3159212488695742
0.2650486693752181
0.5299161740775161
0.4215763245338078
0.36607379301278603
0.3305633628340038
0.3127520754059487
0.7726718890499805
0.2595831488261552
0.6467571430468388
0.6546863675193044
0.2615468700491944
0.2578413566503774
0.26877236915508357
0.09617030938739954
0.02114963635320229
0.21504476183501886
0.7058437666555595
0.6474416374160371
0.273066527709224
0.4414812634649082
0.5088023045054199
0.6257197126092817
0.669335636062165
0.7854249619699709
0.6333111282395139
0.17415669825106458
0.06493477114235824
0.20187829766922666
0.2250891835785015
0.3418271813194508
0.4423749597054664
0.40567864153156513
0.10750326762819758
0.21684156718944264
0.22967413480262944
0.26133573547453726
0.6241568580434276
0.30484713860001217
0.16643960852448664
0.15511502116258777
0.3379237943097736
0.6218032884949355
0.6012304061550393
0.4045049104949433
0.7349314692047058
0.48816963401577695
0.20214939722115824
0.30305713003465923
0.8177195169684043
0.6147199415246841
0.2805201076756648
0.32750964910369534
0.5698722363186842
0.3726803378356173
0.6323800079279156
0.4386044154519834
0.40223882787255244
0.8055178518656738
0.05438077095280471
0.16859321297006288
0.37199792270022164
0.5797690475144297
0.40454576634981304
0.0884013197993971
0.35216617252518984
0.11085935254741472
0.051302100071981355
0.3887256189184318
0.7093407002789728
0.23904894896531473
0.03555490682613755
0.6025986551435295
0.657740036145128
0.18537390105654777
0.351008294097452
0.3246594358500128
0.1736072229151728
0.15601307007772935
0.2320437244160652
0.09427892316294811
0.5063630630042404
0.4619480021617884
0.10842529942151771
0.4159458418938246
0.41078332696844533
0.4015940758287703
0.8061989850789348
0.18350875461844032
0.6052559433982312
0.19150750126297175
0.21176800303181548
0.7431971822148125
0.24501290375618817
0.4913476331987975
0.22674775129468924
0.3706590997403311
0.39664912973736505
0.3889605436493076
0.09498250309938189
0.13819982066009412
0.22573985704627583
0.04336639036065954
0.5505594498042001
0.13891716673707544
0.5079364910296638
0.2714931420522459
0.4849560098056281
0.1593212365238104
0.04672398704053416
0.3460615418532085
0.004847756671440256
0.018539366810141122
0.02847931593029191
0.33166768541627734
0.5264089626201726
0.7484305513405104
0.5291908237505976
0.5702064154276324
0.33122695423628984
0.006336254931789691
0.6063942174914496
0.4523069973742784
0.559227460442637
0.15140984546626046
0.4857031646923607
0.3557719493384327
0.18227991630513918
0.7667141116105092
0.14031324261608596
0.25868923402416555
0.24236266605193144
0.4662947978984296
0.7572203254613648
0.7195748759556855
0.2943704261160513
0.28903792002298284
0.5421441398108066
0.647209388513181
0.39571980566324527
0.5086890348633608
0.38386861144990403
0.6837836216456445
0.3406028835333497
0.8502297550187357
0.2388483892397676
0.4653747045516881
0.18329708019112942
0.100110311134294
0.12967658979844013
0.14171480050774815
0.1548092635484094
0.4688085482844785
0.2631643807599106
0.3588495112451499
0.400810839095505
0.3188036194706013
0.43597594954363356
0.2886252232261005
